,time,species_0,species_1,species_2,species_3,species_4,species_5,species_6,species_7,species_8,species_9,ground_truth,timeseries_id,noise,n_species,did,n_timeseries,n_timepoints,sampling_scheme
0,0.0,0.04,0.05,0.01,0.02,0.02,0.07,0.01,0.09,0.07,0.03,10_sp_aij_15,36656,0.1,10,1498,20,40,even
1,0.6060606060606061,0.0481248444355687,0.0546379134876858,0.0091784105558908,0.0260216403509588,0.0250694075916133,0.0711660488812655,0.0103790733311357,0.0748516649243817,0.0720832378036423,0.0268526933108663,10_sp_aij_15,36656,0.1,10,1498,20,40,even
2,1.5151515151515151,0.0789282318319913,0.0540080668398737,0.009192315306524,0.0255099790779457,0.0293590324553279,0.0886495721487245,0.0125173206677761,0.0918253383111568,0.0950031980285224,0.0329809012857042,10_sp_aij_15,36656,0.1,10,1498,20,40,even
3,2.121212121212121,0.0853374874931451,0.0654061177774483,0.0087824052434261,0.0369847559477516,0.0321056933904459,0.093477520162581,0.0136076295066844,0.0949769986878514,0.1077118435307348,0.0357032439616409,10_sp_aij_15,36656,0.1,10,1498,20,40,even
4,3.0303030303030303,0.1041397414815455,0.0800630659526747,0.0077305443020139,0.0489259136639846,0.031950908749351,0.0992456867117913,0.0238822000746234,0.1058755256361002,0.097399754555418,0.0320658297514904,10_sp_aij_15,36656,0.1,10,1498,20,40,even
5,3.6363636363636367,0.1202621143351771,0.0866834304995344,0.0074326499651861,0.0486298152052974,0.0300219409485235,0.0799271428332596,0.0329289402531692,0.1262969915307296,0.0858772953120757,0.0268252853351673,10_sp_aij_15,36656,0.1,10,1498,20,40,even
6,4.545454545454546,0.1247046816213444,0.1116974197490552,0.0067755443760335,0.0584195720340139,0.0346471642655658,0.1121087866946927,0.0356673266693036,0.1425802944122099,0.0955702780173554,0.0354142247970669,10_sp_aij_15,36656,0.1,10,1498,20,40,even
7,5.151515151515151,0.1326843358530161,0.1057723536020451,0.0077204870742866,0.0697039406615123,0.0377648058219055,0.1243192221450261,0.0360344540886145,0.1319070306258945,0.1140730379041587,0.0342090715353533,10_sp_aij_15,36656,0.1,10,1498,20,40,even
8,6.0606060606060606,0.1263600082682385,0.1248702295983808,0.007829398300148,0.0963421046476825,0.0418500034066497,0.1405900059524528,0.0476759476498707,0.1505244410943511,0.1299333603301955,0.0497024702081012,10_sp_aij_15,36656,0.1,10,1498,20,40,even
9,6.666666666666667,0.1463949409191018,0.1292598842219552,0.0071129720282172,0.0885813409779015,0.0395132432568819,0.1275434440188936,0.0565204965345746,0.1353351345940066,0.1433992265469822,0.0515836383819582,10_sp_aij_15,36656,0.1,10,1498,20,40,even
10,7.575757575757576,0.1327323106281814,0.1016464401759119,0.01041610511174,0.1285738579704743,0.0341879992110331,0.1232851279713031,0.0652540091735219,0.1180660740241297,0.1123527856159112,0.0497963106905171,10_sp_aij_15,36656,0.1,10,1498,20,40,even
11,8.181818181818182,0.1225342518270971,0.1100150221947272,0.0102001773190525,0.1030872714918061,0.0366702139644383,0.1153521526430553,0.0880280599381284,0.1369491359322579,0.1382244850232922,0.0569170594516344,10_sp_aij_15,36656,0.1,10,1498,20,40,even
12,9.090909090909092,0.0684520455787871,0.1036960556627535,0.0095058855267758,0.0883994068269622,0.0463840066983016,0.1316683275639179,0.0790113666459311,0.1345782603060468,0.1278221676738506,0.0528238958612772,10_sp_aij_15,36656,0.1,10,1498,20,40,even
13,10.0,0.0611705333631613,0.1091554684857239,0.0095431806527113,0.1026512752180747,0.0629309268990675,0.1267167950217026,0.0902139218312433,0.1397726442275165,0.1275347001007124,0.031804943235305,10_sp_aij_15,36656,0.1,10,1498,20,40,even
14,10.606060606060606,0.0586778043602375,0.1006370309494154,0.0096867621433288,0.0768141353547084,0.0618109313032591,0.1288408143052258,0.1121319528553323,0.1488413314556224,0.1122761527048542,0.0300449545309324,10_sp_aij_15,36656,0.1,10,1498,20,40,even
15,11.515151515151516,0.0550415068797321,0.0824152454543974,0.0131255400568536,0.078138632910528,0.0760296287243142,0.1798766030308401,0.109043477327998,0.1262445836513651,0.1050990357074529,0.0381426308820715,10_sp_aij_15,36656,0.1,10,1498,20,40,even
16,12.12121212121212,0.0605406809155688,0.0853387756667033,0.0132083905593636,0.0911535042372108,0.087234106734962,0.1998524326327465,0.1448858353541209,0.1186875647732387,0.0988754639724061,0.043652703305129,10_sp_aij_15,36656,0.1,10,1498,20,40,even
17,13.030303030303031,0.0579211010987315,0.0631992239813926,0.0180168480516171,0.1200723565097688,0.082022781643628,0.1938000707313331,0.1659379399721713,0.1184935017203538,0.1451908033966303,0.0485358284274393,10_sp_aij_15,36656,0.1,10,1498,20,40,even
18,13.636363636363637,0.0569701454885653,0.0650325102042966,0.0232391505790577,0.1006968338288257,0.068499639419046,0.2381553324871773,0.2116074988556132,0.1262983525469392,0.1658227547332892,0.0504341394333443,10_sp_aij_15,36656,0.1,10,1498,20,40,even
19,14.545454545454549,0.0656891925078037,0.0710524768590604,0.0234350081935035,0.107723003908771,0.061973156665118,0.208730320523035,0.26287896477675,0.124435172031255,0.1751011621115131,0.0418942908644764,10_sp_aij_15,36656,0.1,10,1498,20,40,even
20,15.151515151515152,0.0784660443138069,0.0738565810084462,0.0218686676070083,0.1050338355259543,0.0569583358534604,0.2033847346833429,0.2181378541578985,0.1111677834781998,0.2087751315241741,0.0452920158629367,10_sp_aij_15,36656,0.1,10,1498,20,40,even
21,16.060606060606062,0.0659354144487737,0.0504149266246398,0.0259277909750593,0.1021530915607634,0.0544962060202172,0.1865321710655279,0.1720970325619341,0.1134132113487785,0.2151376161885682,0.0540502924166802,10_sp_aij_15,36656,0.1,10,1498,20,40,even
22,16.666666666666668,0.0995375618157834,0.0479819336066853,0.0282654048760591,0.1036903489081219,0.0632302380968515,0.1603926403287034,0.1699451312987165,0.1250689298900281,0.210400512345299,0.0618439898833065,10_sp_aij_15,36656,0.1,10,1498,20,40,even
23,17.575757575757578,0.1085017602747606,0.0859882110884353,0.0307497448771192,0.1011142942390144,0.0495792269543485,0.1914225798386137,0.23528436850726,0.1215874879807751,0.2090644508706276,0.0655538826247972,10_sp_aij_15,36656,0.1,10,1498,20,40,even
24,18.181818181818183,0.0938499450591793,0.0737198842276917,0.0295160414657829,0.1017471166026549,0.0588078728523186,0.218769793156875,0.2192617851882943,0.1457112356946017,0.1875241844299316,0.0589604402077371,10_sp_aij_15,36656,0.1,10,1498,20,40,even
25,19.09090909090909,0.1227187673175493,0.0959422619007982,0.0312482445890083,0.1119219730379949,0.0542640574309362,0.2061255019796545,0.2708036942449087,0.1384436718244533,0.1819287240690482,0.0455812637645419,10_sp_aij_15,36656,0.1,10,1498,20,40,even
26,20.0,0.1161977255650424,0.1040551724796032,0.0303931602473104,0.1128293141963341,0.0486787571035885,0.1923353164804853,0.277284391710273,0.1192112951138988,0.1832523798559141,0.0347275224463696,10_sp_aij_15,36656,0.1,10,1498,20,40,even
27,20.60606060606061,0.111146532192319,0.1235887232722724,0.0347127174891571,0.1147388574486765,0.0616648142314037,0.2024570441494508,0.2829050838731753,0.1116791194972642,0.178710859801053,0.0365803152420562,10_sp_aij_15,36656,0.1,10,1498,20,40,even
28,21.51515151515152,0.1402526422020217,0.118814425504003,0.033025863181835,0.1161836357833928,0.0652714237643512,0.198173552526202,0.2124504089702819,0.1022505612717819,0.1948032989108984,0.0271934202106453,10_sp_aij_15,36656,0.1,10,1498,20,40,even
29,22.12121212121212,0.137302700067859,0.0958917710557668,0.0371236747362792,0.1271741037792969,0.0653893764020643,0.1740708596137747,0.194842763462788,0.0987345562901524,0.2127521185776528,0.0363158328370346,10_sp_aij_15,36656,0.1,10,1498,20,40,even
30,23.03030303030303,0.0968220107148781,0.1222996714451611,0.0362222451476646,0.112659208840168,0.0599335506816043,0.1560261738463905,0.1987572672356101,0.0829329784161351,0.1599369708805644,0.0395335201140371,10_sp_aij_15,36656,0.1,10,1498,20,40,even
31,23.63636363636364,0.117785746180614,0.1708427037591809,0.0373483389533997,0.131462361478249,0.0708589429250956,0.1272715857214386,0.2269710835675419,0.1022904720190393,0.1606932337224239,0.0450607121063257,10_sp_aij_15,36656,0.1,10,1498,20,40,even
32,24.545454545454547,0.1204064803594248,0.133322872476195,0.0337524379692883,0.0964509468780367,0.0873986923927835,0.1673053996328228,0.2026002458873661,0.0833990835065184,0.1705310437589141,0.0431387285470165,10_sp_aij_15,36656,0.1,10,1498,20,40,even
33,25.151515151515152,0.1554437754765442,0.0985612937365266,0.0370733789384556,0.1005997856617557,0.1038896693800052,0.1466447534534736,0.2277832989442462,0.074409748253506,0.1384021967249434,0.0457050444071172,10_sp_aij_15,36656,0.1,10,1498,20,40,even
34,26.060606060606062,0.1414765353561413,0.0971303585481171,0.0262196918846336,0.1072131310852387,0.1229914584176921,0.1494187116502488,0.181450808108898,0.0768681086095792,0.2080569887789354,0.0763740475388225,10_sp_aij_15,36656,0.1,10,1498,20,40,even
35,26.666666666666668,0.1415158033161061,0.0842102991942536,0.0253743051894266,0.086377689904937,0.1421269721137836,0.1579338965164109,0.1868948973724279,0.0714322538489585,0.1885300943328969,0.0825218798840057,10_sp_aij_15,36656,0.1,10,1498,20,40,even
36,27.575757575757574,0.1362457127183735,0.0668759701266435,0.0308804387153239,0.0791266146863151,0.1256499407648687,0.1602030903752524,0.2082448594980147,0.0761968308001209,0.1979557229125081,0.081502847324012,10_sp_aij_15,36656,0.1,10,1498,20,40,even
37,28.181818181818183,0.0987199625542382,0.0695422580944593,0.0323155169769308,0.09842678164049,0.1165110450936528,0.1607036985623193,0.2101536077993599,0.0671073156017478,0.1941409891059966,0.0730117610711129,10_sp_aij_15,36656,0.1,10,1498,20,40,even
38,29.090909090909093,0.0997298245860199,0.0658861565144162,0.0283727511850923,0.0913039874450358,0.0800357884894678,0.1553118943689141,0.1948690004717571,0.0907012919163718,0.1469837214368368,0.0986709616951846,10_sp_aij_15,36656,0.1,10,1498,20,40,even
39,30.0,0.0892390333100218,0.0704192519442363,0.0340159979747402,0.1181622348187956,0.068031732068523,0.1660164694833284,0.1480391069913051,0.09731736869152,0.1732822144395102,0.083043471796306,10_sp_aij_15,36656,0.1,10,1498,20,40,even
40,0.0,0.06,0.09,0.02,0.06,0.03,0.03,0.04,0.03,0.02,0.03,10_sp_aij_15,416304,0.1,10,1498,20,40,even
41,0.6060606060606061,0.0696658983839812,0.0802654412511696,0.0237069561974862,0.0540674459465012,0.0310536715662353,0.0318842602664761,0.0418443239323797,0.03228979327997,0.0224493850280803,0.0215898969237671,10_sp_aij_15,416304,0.1,10,1498,20,40,even
42,1.5151515151515151,0.1038883078977428,0.0876190639626877,0.0232986803586994,0.0939373219733044,0.0283076995787903,0.0472322702419322,0.0474438533239694,0.0369833373920117,0.0295068172509541,0.0227819330575941,10_sp_aij_15,416304,0.1,10,1498,20,40,even
43,2.121212121212121,0.1267067998344238,0.0700870011652156,0.0161074978419541,0.1204817714556374,0.032846629917608,0.0471640418137361,0.0581439574383803,0.0439343717307672,0.0276468469729518,0.0331063257954083,10_sp_aij_15,416304,0.1,10,1498,20,40,even
44,3.0303030303030303,0.1600492352687113,0.0762520655795846,0.0171699522500536,0.1268156465361453,0.0453031900866652,0.0828833942442902,0.0692032227168644,0.0606278311219842,0.041362035804485,0.046032362202773,10_sp_aij_15,416304,0.1,10,1498,20,40,even
45,3.6363636363636367,0.135295297516881,0.0652361101961623,0.0148795358993055,0.1254035781342012,0.0467534702382167,0.0876863186688779,0.0770751288144216,0.08494183360184,0.0479672886412903,0.0381510052833693,10_sp_aij_15,416304,0.1,10,1498,20,40,even
46,4.545454545454546,0.142191192464006,0.0882216954720786,0.0106786033122751,0.1257560296396571,0.041301392812462,0.1011041184399296,0.1013579176177397,0.0998500438912324,0.0634021048264462,0.0571707927242015,10_sp_aij_15,416304,0.1,10,1498,20,40,even
47,5.151515151515151,0.1509742867156479,0.0875649065852406,0.0098943373582389,0.1428425755398719,0.0430886506253399,0.1317217204037195,0.1036470446286661,0.1620614140079708,0.0708476257153692,0.0555804154663227,10_sp_aij_15,416304,0.1,10,1498,20,40,even
48,6.0606060606060606,0.11528270122704,0.0997926919855073,0.008155440480346,0.1366114544423035,0.045539079802357,0.1257639503271083,0.0976047359001292,0.1597827797807586,0.0783031680082303,0.0609242793810254,10_sp_aij_15,416304,0.1,10,1498,20,40,even
49,6.666666666666667,0.1042675244474562,0.1153653809661718,0.0087381647384498,0.1490336477422154,0.0427280904467572,0.1555493415960576,0.1225033789423646,0.2116267933795378,0.1014865665284566,0.0583306171545388,10_sp_aij_15,416304,0.1,10,1498,20,40,even
50,7.575757575757576,0.1086538665415926,0.0882411967912882,0.0080448572264278,0.1377608724048407,0.0366079491465484,0.2308475127780873,0.1338775273684262,0.2274031082722121,0.1461400274821374,0.048503096824926,10_sp_aij_15,416304,0.1,10,1498,20,40,even
51,8.181818181818182,0.0860526859651289,0.1152052769116319,0.0076998161256474,0.147203382983835,0.0349639844828111,0.2192125764788235,0.162157955213008,0.2796836764537023,0.1906757800028811,0.0553935470932058,10_sp_aij_15,416304,0.1,10,1498,20,40,even
52,9.090909090909092,0.083687960924069,0.1381102551499808,0.0082885826201991,0.1392127427572889,0.0414095672547375,0.1859198607390778,0.188266891881641,0.1731236101462682,0.2383470886267064,0.0546627141693273,10_sp_aij_15,416304,0.1,10,1498,20,40,even
53,10.0,0.097631974803924,0.1748414966418925,0.0082793093549431,0.1391896542337416,0.0493138228334305,0.159537480272589,0.1687711828429384,0.1591003260054278,0.2000204083617847,0.0434137204009537,10_sp_aij_15,416304,0.1,10,1498,20,40,even
54,10.606060606060606,0.0975861286404649,0.1704735722029716,0.0074537823544366,0.1042562714324933,0.0510117834814451,0.1678915447376243,0.1779607797191009,0.1520198014444011,0.1627625209888244,0.0466078926055492,10_sp_aij_15,416304,0.1,10,1498,20,40,even
55,11.515151515151516,0.0913305104957041,0.1582894582405337,0.0046928464439549,0.1052506975868215,0.0591520904750559,0.1451524082911111,0.1329981059782964,0.1565118799836897,0.198262601418766,0.054033520580581,10_sp_aij_15,416304,0.1,10,1498,20,40,even
56,12.12121212121212,0.0948454247106616,0.1431202982555898,0.0054251485766309,0.0866093025918018,0.073318620034548,0.1501439678809219,0.1182241109948958,0.1099386005534253,0.2120958404865647,0.0552027411066343,10_sp_aij_15,416304,0.1,10,1498,20,40,even
57,13.030303030303031,0.1088544520174092,0.0975951063981305,0.0058313536661158,0.0639192207529586,0.0901850790226511,0.1223108970495844,0.1496987413477101,0.1014450833839882,0.212181091196229,0.0555913400908753,10_sp_aij_15,416304,0.1,10,1498,20,40,even
58,13.636363636363637,0.1045150841382178,0.0822371464176692,0.0077277055837893,0.0635618156304039,0.0852507816116748,0.1405743800174089,0.1397382208910893,0.0907192893501481,0.2003674973102246,0.0664431663614495,10_sp_aij_15,416304,0.1,10,1498,20,40,even
59,14.545454545454549,0.0957826623545921,0.1150539555199174,0.0100159475745053,0.0782359468512545,0.0937053310230147,0.104297306511711,0.1916400830533875,0.0792683509262857,0.1720597891719711,0.0636125005890946,10_sp_aij_15,416304,0.1,10,1498,20,40,even
60,15.151515151515152,0.0860781526489557,0.097378188809796,0.0091079595914715,0.0669813082190368,0.0948779242909982,0.1017655819204775,0.1259002548310207,0.0737224412265058,0.1978091509513167,0.0582059670199053,10_sp_aij_15,416304,0.1,10,1498,20,40,even
61,16.060606060606062,0.1105420270265881,0.0883545395296773,0.009874227481125,0.0620711093917579,0.0967543035257695,0.1017516215232705,0.107986653662129,0.0661151061245185,0.1898121274708243,0.0781019752037299,10_sp_aij_15,416304,0.1,10,1498,20,40,even
62,16.666666666666668,0.1106534292525556,0.0730708325747352,0.0109986718759076,0.059360132904504,0.132293640131593,0.1023652183049156,0.0828014203333641,0.0854293170839639,0.1806428147636052,0.0743327230698058,10_sp_aij_15,416304,0.1,10,1498,20,40,even
63,17.575757575757578,0.1223376978045325,0.0682618473465655,0.0125178892150682,0.0564425501813482,0.1073599996096856,0.0897759519828519,0.0978254040906168,0.0948883741985056,0.177307232543177,0.0772138285832211,10_sp_aij_15,416304,0.1,10,1498,20,40,even
64,18.181818181818183,0.1329039855459333,0.0739077946858295,0.0115906261839737,0.0547174597745791,0.0985399250702654,0.0969919290362326,0.1240652734878115,0.1076037572682659,0.1595743643893631,0.0717885611962901,10_sp_aij_15,416304,0.1,10,1498,20,40,even
65,19.09090909090909,0.1601295660076458,0.0685434264499185,0.0111954305604837,0.0499613930416418,0.1275573800072238,0.0980865338951691,0.1565061883094576,0.0854596024088499,0.1912980850940308,0.0423351288626684,10_sp_aij_15,416304,0.1,10,1498,20,40,even
66,20.0,0.1760373486596998,0.0892439573029255,0.0112876263675528,0.062255485083998,0.1134697940629162,0.0700152563296362,0.0966716062459616,0.1030616357146304,0.1420612747841344,0.043911496107228,10_sp_aij_15,416304,0.1,10,1498,20,40,even
67,20.60606060606061,0.1219214528923429,0.1083955103513837,0.0095415574659538,0.0680245382339452,0.1291480849277286,0.076709237564873,0.0957732131323836,0.1038157715157555,0.1450058849895477,0.0454851583210994,10_sp_aij_15,416304,0.1,10,1498,20,40,even
68,21.51515151515152,0.1003682612025005,0.0793943810417967,0.0114085297679542,0.0491246412332391,0.1402390024427771,0.0990515657407989,0.0863170878160746,0.0957433200563524,0.1609303168464194,0.0391321653053649,10_sp_aij_15,416304,0.1,10,1498,20,40,even
69,22.12121212121212,0.1045511354745531,0.0924712552050238,0.0126776677839493,0.0501512641571932,0.1164149780179651,0.1001664165352653,0.1163124045151049,0.0872708011904645,0.2134458914334644,0.0421776041147767,10_sp_aij_15,416304,0.1,10,1498,20,40,even
70,23.03030303030303,0.1302985512717601,0.0958285841578273,0.0140848958907064,0.0481749441964908,0.1126166390556011,0.1247071553255506,0.1448854481899202,0.085925350431589,0.1741754402598825,0.0401598660587413,10_sp_aij_15,416304,0.1,10,1498,20,40,even
71,23.63636363636364,0.1453834525639058,0.0891093512061054,0.0184263196021683,0.0689661199497406,0.1370711608255516,0.1048039044392361,0.1112638344428071,0.0788629447330997,0.1508688619860239,0.0370180746848619,10_sp_aij_15,416304,0.1,10,1498,20,40,even
72,24.545454545454547,0.1529383002640254,0.0803616969077988,0.0227927568456477,0.0702594911411597,0.1006802380500916,0.1046544261980662,0.1832968763686137,0.0904305797677868,0.1782551649916151,0.0343428311855371,10_sp_aij_15,416304,0.1,10,1498,20,40,even
73,25.151515151515152,0.1629089799267974,0.0914202933764043,0.0215116186010285,0.0880579181516952,0.1017857326826845,0.1041337209190282,0.2122507917546085,0.0967935741376715,0.1670673954725135,0.0388364074260624,10_sp_aij_15,416304,0.1,10,1498,20,40,even
74,26.060606060606062,0.1613480587647513,0.0864577465045994,0.017968553353083,0.1127834693909776,0.1104720758079076,0.1073658545161507,0.2096070655247831,0.0784903435706585,0.1714041350606032,0.0404505316356177,10_sp_aij_15,416304,0.1,10,1498,20,40,even
75,26.666666666666668,0.1763680676601201,0.0825967946769455,0.0176853480194005,0.1045143519576472,0.0910428611529672,0.1094770314967835,0.1971818666889436,0.073637693288012,0.1674840754769289,0.0494320982871234,10_sp_aij_15,416304,0.1,10,1498,20,40,even
76,27.575757575757574,0.1452630705118849,0.0905995176817502,0.0209051783480299,0.1234103773286142,0.1002124393635206,0.1367846538963941,0.226687824912656,0.1052994629041568,0.1527391809263706,0.0445484162545964,10_sp_aij_15,416304,0.1,10,1498,20,40,even
77,28.181818181818183,0.1391599556484106,0.1004294070885655,0.0226732729771661,0.1301728914997324,0.0839616446423631,0.1480151696616677,0.2073160198599065,0.1011212188215553,0.1955470868465593,0.0389725016584034,10_sp_aij_15,416304,0.1,10,1498,20,40,even
78,29.090909090909093,0.1488743855135144,0.1231609923373722,0.0262657115836944,0.1269193299994194,0.0872769273250052,0.1700338921080762,0.1811207766228238,0.1058940902942554,0.2001954928269467,0.0387413001838206,10_sp_aij_15,416304,0.1,10,1498,20,40,even
79,30.0,0.1239560148302423,0.1358922041480144,0.0323741258292296,0.1096008840867564,0.101552540286986,0.1205476081051037,0.1341454960416835,0.1177058354739687,0.2074478287786743,0.0501201846470542,10_sp_aij_15,416304,0.1,10,1498,20,40,even
80,0.0,0.08,0.01,0.03,0.07,0.01,0.07,0.06,0.09,0.07,0.03,10_sp_aij_15,591973,0.1,10,1498,20,40,even
81,0.6060606060606061,0.0784716139296541,0.0132737259521124,0.0264600344961675,0.0770111321667451,0.0122097131531609,0.0779553443849731,0.0566032766106336,0.0936034997646471,0.0786883937760997,0.0311229925566356,10_sp_aij_15,591973,0.1,10,1498,20,40,even
82,1.5151515151515151,0.0840604570122738,0.0150169703468394,0.0235588590766697,0.0991436910167434,0.0134407120506165,0.0888694728298068,0.0440849768533469,0.1165831675998476,0.0706420533569769,0.0419603443847115,10_sp_aij_15,591973,0.1,10,1498,20,40,even
83,2.121212121212121,0.1129209492492519,0.0170423880881425,0.0275778833895041,0.1061194801149888,0.0147056354196199,0.0887677320986059,0.0476462604170769,0.1610005275818738,0.0832501883449449,0.0392669436697043,10_sp_aij_15,591973,0.1,10,1498,20,40,even
84,3.0303030303030303,0.1109383604006253,0.0236891721258756,0.0274424264018732,0.127975278054973,0.0138574775263802,0.1152662335448724,0.0636692274878899,0.1831875063339615,0.1035591217415483,0.0372819019283497,10_sp_aij_15,591973,0.1,10,1498,20,40,even
85,3.6363636363636367,0.1241356980149103,0.0315436228777418,0.0276645644584138,0.1148383572788715,0.0127316737897498,0.1014072197943242,0.0662577178825735,0.1911106999416791,0.1074316930507596,0.038315541203741,10_sp_aij_15,591973,0.1,10,1498,20,40,even
86,4.545454545454546,0.1349634274558242,0.0463987151169534,0.0286954266686088,0.1496790901443059,0.0128613277802308,0.1244351802463636,0.0527363946893457,0.1798367136618858,0.0945122047152237,0.0350917548976088,10_sp_aij_15,591973,0.1,10,1498,20,40,even
87,5.151515151515151,0.1655039920733151,0.053502478498893,0.0358292538460656,0.142026151093721,0.0165397705619168,0.1136148182740153,0.0697057154496982,0.2191754954757348,0.0973783654141643,0.0429898019321709,10_sp_aij_15,591973,0.1,10,1498,20,40,even
88,6.0606060606060606,0.1174650614882977,0.0816333316620606,0.0310245481204964,0.1634695574343347,0.0158612541499529,0.1474197904164635,0.0754133187915917,0.2249687282192211,0.0904544615813957,0.0400582395839919,10_sp_aij_15,591973,0.1,10,1498,20,40,even
89,6.666666666666667,0.1313063611276632,0.0965399991888067,0.0344069198728931,0.1557108983467517,0.017633750999943,0.1532371217890683,0.0903199649486865,0.215835844141153,0.1072891042692376,0.039049204713206,10_sp_aij_15,591973,0.1,10,1498,20,40,even
90,7.575757575757576,0.1249923342889378,0.1380159152177124,0.0350693987322862,0.1651942792479258,0.0196624213228469,0.1812449409838235,0.112441319995573,0.219781773238771,0.1476143379683365,0.034409866492605,10_sp_aij_15,591973,0.1,10,1498,20,40,even
91,8.181818181818182,0.1243971399658025,0.1755038499474679,0.0344649379395827,0.1774927555785459,0.0240023907112239,0.2012263561324773,0.1667698824783513,0.1837874402709395,0.123926473773647,0.0434818515630631,10_sp_aij_15,591973,0.1,10,1498,20,40,even
92,9.090909090909092,0.1006196409329718,0.1726416970668222,0.0257312728128788,0.2062562966842446,0.031906318248882,0.300656600101127,0.1658308115457888,0.198990832280496,0.1229260585099078,0.0615470381652069,10_sp_aij_15,591973,0.1,10,1498,20,40,even
93,10.0,0.0938327135085828,0.2146480996079467,0.0249864027698408,0.2008100489030298,0.0420522417515323,0.2872786344410837,0.1930760471588454,0.19335136306283,0.1539467921793918,0.0634461705181805,10_sp_aij_15,591973,0.1,10,1498,20,40,even
94,10.606060606060606,0.1089606350145745,0.2305249400718048,0.0242434919051637,0.1619963688322001,0.0383381691114255,0.296596911856726,0.1749704772952478,0.181800080294512,0.1962581815390418,0.0728939318921909,10_sp_aij_15,591973,0.1,10,1498,20,40,even
95,11.515151515151516,0.1246312870401919,0.2360572245523085,0.0175297307388809,0.1943839087189708,0.0397710262478824,0.2625267040530729,0.1635113335071983,0.1909441529416484,0.2735205874653598,0.0669087816468836,10_sp_aij_15,591973,0.1,10,1498,20,40,even
96,12.12121212121212,0.1164349512615418,0.2328039014020892,0.018238455349965,0.1962321614215272,0.0473561524721483,0.2381819956079401,0.1919922634053787,0.1872842303582867,0.2835871420165998,0.0813712956818827,10_sp_aij_15,591973,0.1,10,1498,20,40,even
97,13.030303030303031,0.1063520106953528,0.2314197995566473,0.0207555223510336,0.1797440473694141,0.0638947647675186,0.2054624408404581,0.1988650352123393,0.1213202776767061,0.2774926455859916,0.0747222719090299,10_sp_aij_15,591973,0.1,10,1498,20,40,even
98,13.636363636363637,0.1017062600379947,0.2017008179895018,0.0196407991627588,0.1761024636275729,0.0806381249743412,0.1882172930284325,0.1939752827830335,0.1343966479888494,0.2063828556301238,0.0934477798033274,10_sp_aij_15,591973,0.1,10,1498,20,40,even
99,14.545454545454549,0.0611860513537552,0.1427349690854156,0.0222064207417064,0.1395054893270281,0.1019200712702673,0.1812543977413724,0.2123757230785254,0.1230484080233276,0.2175824248028252,0.0978837366765571,10_sp_aij_15,591973,0.1,10,1498,20,40,even
100,15.151515151515152,0.0531221310564078,0.1139620270450908,0.0260629915684256,0.1392304827024334,0.1060679926304059,0.1809095164995063,0.2309225695988938,0.1487872357681536,0.2235387957526291,0.0869599215865082,10_sp_aij_15,591973,0.1,10,1498,20,40,even
101,16.060606060606062,0.0685558085315813,0.0973929473237233,0.0357051860234208,0.1201064530870258,0.1112707141974601,0.1775979589445578,0.2445658203009835,0.1098175976834281,0.1855478822689187,0.0784504333698789,10_sp_aij_15,591973,0.1,10,1498,20,40,even
102,16.666666666666668,0.0715069498331074,0.1074423113940598,0.0433114006585503,0.1091772957617921,0.1171403676926196,0.17394124629395,0.2110487260531061,0.0959225703306199,0.1796639985514319,0.0783097568091004,10_sp_aij_15,591973,0.1,10,1498,20,40,even
103,17.575757575757578,0.0941956568389026,0.1059390877539489,0.0375363111141211,0.1044101889097998,0.0787763707478474,0.1645097822332663,0.1399113657168751,0.132741206709518,0.1729774368966061,0.0711493733934045,10_sp_aij_15,591973,0.1,10,1498,20,40,even
104,18.181818181818183,0.102530130060734,0.1093262539216515,0.0267815905378369,0.1384756373654112,0.0841849481219191,0.1890086751878339,0.1349106694361553,0.1442728424882976,0.1966516419542744,0.0684930390013832,10_sp_aij_15,591973,0.1,10,1498,20,40,even
105,19.09090909090909,0.0820041666149911,0.1183443960791367,0.0296623613806888,0.1218138469094974,0.097905866751683,0.1708636719628451,0.1818358753617431,0.1400661866601096,0.2334402475099776,0.0530685247492246,10_sp_aij_15,591973,0.1,10,1498,20,40,even
106,20.0,0.0865692533600281,0.1223927939426216,0.0231273380139559,0.1396452450517665,0.1074729363227383,0.1898838854163792,0.1924304954800214,0.1310426841695264,0.2010133573382891,0.0623866917817719,10_sp_aij_15,591973,0.1,10,1498,20,40,even
107,20.60606060606061,0.0854812882987029,0.1608637803650025,0.0230670237378827,0.1108816811772186,0.0915421181490102,0.1870851202351667,0.2400404216248408,0.1264360373314407,0.2018947764148626,0.0561565774028324,10_sp_aij_15,591973,0.1,10,1498,20,40,even
108,21.51515151515152,0.1117750270176059,0.1459577603079294,0.0169110528557701,0.1522174178165582,0.1284754204074063,0.1813110319862856,0.2650821118034351,0.1055409126763388,0.2717591952268005,0.0521434576318553,10_sp_aij_15,591973,0.1,10,1498,20,40,even
109,22.12121212121212,0.1118459103285981,0.1574352915176206,0.0165831978933821,0.1332668987697564,0.1135867308995867,0.1889405518855906,0.2759267086284102,0.1164744755935788,0.2525546369436803,0.0622574497336875,10_sp_aij_15,591973,0.1,10,1498,20,40,even
110,23.03030303030303,0.1404078921724045,0.1522499928483603,0.0218607149401016,0.1072048361848685,0.1298752254415847,0.1642338995429716,0.1950276355703895,0.1018010515565021,0.2553547102502657,0.0552662810834355,10_sp_aij_15,591973,0.1,10,1498,20,40,even
111,23.63636363636364,0.090400880228035,0.1042003028212212,0.0262873759344613,0.0909383732256172,0.0982321870691947,0.1556065072915948,0.1843469025540521,0.1015711205027365,0.2093145427382456,0.0663907252516561,10_sp_aij_15,591973,0.1,10,1498,20,40,even
112,24.545454545454547,0.0876525031153071,0.1073026588283311,0.0287181742247684,0.0885153476912666,0.0805687817539802,0.1548755582749704,0.1623555583705015,0.0810337223260207,0.2350557256065912,0.0498036060210529,10_sp_aij_15,591973,0.1,10,1498,20,40,even
113,25.151515151515152,0.1025940870526635,0.1248374113331177,0.0346756038377091,0.0729302520217778,0.0916231833005907,0.1404574689474342,0.1743228460196705,0.082189115821393,0.2233230513623279,0.0602307556035223,10_sp_aij_15,591973,0.1,10,1498,20,40,even
114,26.060606060606062,0.1321083952684105,0.1361103661036775,0.0256664959173282,0.0852788131685633,0.081770900655351,0.1119251628514787,0.1775822799727015,0.1101743515960225,0.2250573470432112,0.0808716227509599,10_sp_aij_15,591973,0.1,10,1498,20,40,even
115,26.666666666666668,0.1596835636600398,0.1271140217579479,0.032872144372583,0.0851885716458213,0.0866563081835231,0.1290433886641477,0.1509241367224201,0.1174496088623291,0.1691871966489047,0.0751156562715551,10_sp_aij_15,591973,0.1,10,1498,20,40,even
116,27.575757575757574,0.1957150880686946,0.1554685122269343,0.0292389110916991,0.0830448976882252,0.0788037464147956,0.1435504872045524,0.2058157236986824,0.120804447445228,0.1266142067075924,0.0766047946460326,10_sp_aij_15,591973,0.1,10,1498,20,40,even
117,28.181818181818183,0.1605834340110535,0.1815262935044713,0.0228041064172747,0.0718148368094734,0.070164290149949,0.1158256481470059,0.1819141111101779,0.1233622036859154,0.1441886874491664,0.0871456075745263,10_sp_aij_15,591973,0.1,10,1498,20,40,even
118,29.090909090909093,0.1274463239997757,0.1720709028496137,0.0221722444171702,0.078900224398486,0.0937828867697249,0.1222234255452342,0.1531887915400197,0.121027361040126,0.1544427500744704,0.0744783149134579,10_sp_aij_15,591973,0.1,10,1498,20,40,even
119,30.0,0.1257960595313287,0.1069625912788253,0.0218014749078128,0.1133136934786193,0.100096308629337,0.1185297963192072,0.1684848048889252,0.1024794576338321,0.1885654202752021,0.0827678196740918,10_sp_aij_15,591973,0.1,10,1498,20,40,even
120,0.0,0.09,0.08,0.05,0.07,0.05,0.09,0.03,0.07,0.04,0.08,10_sp_aij_15,2091765,0.1,10,1498,20,40,even
121,0.6060606060606061,0.1150924833141528,0.0794760394409002,0.0448460174024347,0.057025600761309,0.0523314743326716,0.0838933648837785,0.0387213140743187,0.0946765680125608,0.0452260759119885,0.0907165826728225,10_sp_aij_15,2091765,0.1,10,1498,20,40,even
122,1.5151515151515151,0.1155741639691058,0.0892018209053374,0.05853424230261,0.0728148146060274,0.044045302787493,0.0570123045975434,0.0321378011999115,0.1029399786094565,0.043499173136749,0.0860596158246261,10_sp_aij_15,2091765,0.1,10,1498,20,40,even
123,2.121212121212121,0.1290541998519538,0.1003930693992314,0.0558887229102517,0.1089106855224709,0.0579534867184257,0.0779004351584663,0.0355271509557227,0.144261826087894,0.0662570005306454,0.0854691818235037,10_sp_aij_15,2091765,0.1,10,1498,20,40,even
124,3.0303030303030303,0.1139026627435584,0.0793218268853619,0.0469312775446847,0.0769126719443561,0.0628492214253803,0.0715555105131064,0.0449377781625729,0.1644785625575426,0.0914554501116054,0.0981440609765497,10_sp_aij_15,2091765,0.1,10,1498,20,40,even
125,3.6363636363636367,0.122853323701087,0.0686449014150659,0.0450355839739326,0.0846617485357887,0.0608818078930548,0.0857434538307983,0.0541437017558584,0.1925561267178281,0.1091170156836894,0.0669694645217097,10_sp_aij_15,2091765,0.1,10,1498,20,40,even
126,4.545454545454546,0.1011643660273596,0.0811769608619956,0.0344803271217067,0.0950401502523255,0.0661197425006712,0.0911318802793732,0.056085539450254,0.2029724396900802,0.1334736451934156,0.0763029875049316,10_sp_aij_15,2091765,0.1,10,1498,20,40,even
127,5.151515151515151,0.0972949637299381,0.0821679123531317,0.0285512268779365,0.1017736411120335,0.0664080285406382,0.1034943146834697,0.0533321483805863,0.1871261974535598,0.1558453333000322,0.0677130282380905,10_sp_aij_15,2091765,0.1,10,1498,20,40,even
128,6.0606060606060606,0.0908145301091387,0.1083099739820655,0.0380427175438158,0.1342814659116942,0.1128283190945527,0.1359891609741705,0.0723704013474716,0.265562024246409,0.1611553384055991,0.0758927342282976,10_sp_aij_15,2091765,0.1,10,1498,20,40,even
129,6.666666666666667,0.0884552568259603,0.1471374866799332,0.0459331456302958,0.1166059662326229,0.1103777372150844,0.1231444047337078,0.0817845530140605,0.2651506656097426,0.1547970655225947,0.0598798385457672,10_sp_aij_15,2091765,0.1,10,1498,20,40,even
130,7.575757575757576,0.1066931255995375,0.1620720478736587,0.0510607258254287,0.1251562001000917,0.095407163728562,0.1578379061698025,0.0904762981110037,0.2039523648094874,0.1849842485767202,0.0602515574126894,10_sp_aij_15,2091765,0.1,10,1498,20,40,even
131,8.181818181818182,0.0952509635738863,0.1356688008614487,0.0477613106990701,0.103258473170818,0.0883104691125154,0.119545682292795,0.0938923584450149,0.2021591910799611,0.2394846773701001,0.0527678156627164,10_sp_aij_15,2091765,0.1,10,1498,20,40,even
132,9.090909090909092,0.1041662948770505,0.12484249086508,0.0478368737901137,0.1041155748227472,0.0975956132215592,0.1197088712323021,0.1090904651514597,0.1809710553994696,0.2299516995389068,0.0627959403725799,10_sp_aij_15,2091765,0.1,10,1498,20,40,even
133,10.0,0.0983379699199507,0.143551809965628,0.0465991614664152,0.0759324023143913,0.1197015897620606,0.1364094274505112,0.117332360573898,0.1738361679485861,0.2367907084586686,0.0507257266225084,10_sp_aij_15,2091765,0.1,10,1498,20,40,even
134,10.606060606060606,0.0788189983913299,0.1639794922848048,0.0489422053244656,0.0638847128279875,0.1053415361654108,0.112813925204735,0.1310645456737311,0.1380392725846011,0.2062118574705702,0.047178178545466,10_sp_aij_15,2091765,0.1,10,1498,20,40,even
135,11.515151515151516,0.0731983115859961,0.1292295731160053,0.0502682830676368,0.0681964441321886,0.0704907905776575,0.1628930254338108,0.1543641499782623,0.1055200229843954,0.1615922443988106,0.0496536609053892,10_sp_aij_15,2091765,0.1,10,1498,20,40,even
136,12.12121212121212,0.0872756574860579,0.1105728585725126,0.0549749709164966,0.071510109375009,0.074709727099888,0.1609970108011978,0.1935668832454982,0.0852932340714027,0.1410934344236158,0.0491719800344263,10_sp_aij_15,2091765,0.1,10,1498,20,40,even
137,13.030303030303031,0.1119259984848253,0.080236958692202,0.0394248160326063,0.0704921836213847,0.07260303308237,0.1680304137771053,0.2273867320955911,0.1097174299119577,0.1708261162571899,0.0497432220896286,10_sp_aij_15,2091765,0.1,10,1498,20,40,even
138,13.636363636363637,0.0891987730626076,0.0811587556385387,0.03437778014634,0.0866619995109533,0.0719685272791186,0.1656855242261022,0.2692447559385514,0.1017902951039752,0.1610931475479237,0.0532286391435446,10_sp_aij_15,2091765,0.1,10,1498,20,40,even
139,14.545454545454549,0.085629746194419,0.0750653530445001,0.0311275023374535,0.113088920630516,0.0693901740849132,0.162226807173908,0.1981450158544588,0.0867194937798766,0.1844953666109841,0.0479852384191954,10_sp_aij_15,2091765,0.1,10,1498,20,40,even
140,15.151515151515152,0.0685357640076919,0.0944027466813987,0.0320241794092421,0.0927166364365975,0.0653258823000149,0.1710261619968995,0.2367927115114029,0.0806850987734848,0.1753285223033447,0.0409880709861044,10_sp_aij_15,2091765,0.1,10,1498,20,40,even
141,16.060606060606062,0.106714984289236,0.1063434826441911,0.0344962652681253,0.094546199977047,0.0607573360908105,0.1987006671522402,0.2158290912742344,0.0902914369063167,0.1477579142058961,0.0474607208432393,10_sp_aij_15,2091765,0.1,10,1498,20,40,even
142,16.666666666666668,0.1131977586932361,0.1006554441805835,0.0318084250711237,0.1162030395053203,0.0584163182856245,0.2242972096620792,0.2515348769294151,0.0832894082417272,0.1519496169275131,0.0512795559474182,10_sp_aij_15,2091765,0.1,10,1498,20,40,even
143,17.575757575757578,0.0969465515888783,0.1044694660217327,0.0330923408750264,0.0928160605471142,0.0375529596453609,0.2021253706185967,0.2562543900812548,0.1004418895797025,0.1678983719406345,0.049162230759762,10_sp_aij_15,2091765,0.1,10,1498,20,40,even
144,18.181818181818183,0.0943503311734196,0.1011159370722655,0.0351030712006839,0.0906541008882537,0.034807486154693,0.1823648545705085,0.1876896580416772,0.118498386027574,0.1749749385607986,0.0467739437352586,10_sp_aij_15,2091765,0.1,10,1498,20,40,even
145,19.09090909090909,0.1146557887426344,0.0767996170933435,0.0204467690966601,0.0829568408345776,0.0356985679174438,0.1685021281133411,0.2115879847192335,0.1121758841085559,0.188607597869472,0.0432382455388135,10_sp_aij_15,2091765,0.1,10,1498,20,40,even
146,20.0,0.1001269060680992,0.0971085025648356,0.0266259418186459,0.1170154984999623,0.0398895247001596,0.1554784260675454,0.2086616819362645,0.1094780651524861,0.1970817694157191,0.0489453246336545,10_sp_aij_15,2091765,0.1,10,1498,20,40,even
147,20.60606060606061,0.1263817568740564,0.091187414388717,0.0245912340112236,0.1005135598697541,0.037139908328417,0.1579816875189602,0.1942077299805887,0.110101803900553,0.1533687557104522,0.0567823365485976,10_sp_aij_15,2091765,0.1,10,1498,20,40,even
148,21.51515151515152,0.1510160979354037,0.0784684092943105,0.0230474101239092,0.0975934520613115,0.0434362563646196,0.1478998065357814,0.2112848754429659,0.0739579252208027,0.2173003951618376,0.0479680516246106,10_sp_aij_15,2091765,0.1,10,1498,20,40,even
149,22.12121212121212,0.1625378223907585,0.0932304565592879,0.0321725924404758,0.0846220396751201,0.0422793999859782,0.118268089074778,0.2242549400023175,0.0825730962454647,0.2269252240418777,0.0476923202639427,10_sp_aij_15,2091765,0.1,10,1498,20,40,even
150,23.03030303030303,0.1677660420309871,0.1054357150142236,0.0302681690211976,0.0796651533649706,0.043102061489516,0.1208934974797971,0.2372497925379752,0.0983737022853343,0.158518419159311,0.0542469388660534,10_sp_aij_15,2091765,0.1,10,1498,20,40,even
151,23.63636363636364,0.2145789766070087,0.0989092412102432,0.0296042844446182,0.083286457164083,0.0457469870630068,0.0993674175902391,0.1945830443149127,0.1020550799840638,0.1529278528738481,0.0704897671990017,10_sp_aij_15,2091765,0.1,10,1498,20,40,even
152,24.545454545454547,0.1558178237799805,0.1439990070768893,0.0230516185594409,0.0972968293154181,0.0659326809485711,0.1084854727502717,0.1931263874277055,0.0991380749900535,0.1684104239466948,0.0646801072222398,10_sp_aij_15,2091765,0.1,10,1498,20,40,even
153,25.151515151515152,0.1769236106778207,0.1215820914520997,0.0268431331725697,0.1000012668725468,0.0986347578443011,0.1136159443391164,0.1820060714230196,0.1059587230165574,0.2151995643276202,0.0523714403470767,10_sp_aij_15,2091765,0.1,10,1498,20,40,even
154,26.060606060606062,0.1680649218834581,0.1435891421216513,0.0333675582230806,0.0871290546167972,0.0758825854169648,0.1287692133943915,0.2261916363126932,0.1174526819740264,0.2327900864631369,0.0662298256708837,10_sp_aij_15,2091765,0.1,10,1498,20,40,even
155,26.666666666666668,0.1474292409446048,0.1491406839117782,0.0364617211809935,0.0820819327426792,0.0778614392931858,0.1271793396408385,0.2584739498367363,0.0959318980306542,0.2119469755512254,0.0586463438698642,10_sp_aij_15,2091765,0.1,10,1498,20,40,even
156,27.575757575757574,0.1552305520481874,0.1429982654794513,0.0288340214155583,0.0804471891909878,0.1069202541854192,0.0915458333856978,0.2089987386946794,0.0959001707829603,0.2039030280472803,0.0557719379345326,10_sp_aij_15,2091765,0.1,10,1498,20,40,even
157,28.181818181818183,0.1467449025053222,0.1651520814059309,0.0275129819282482,0.0850578198587682,0.1015408020346457,0.0927249339701103,0.1606889834656846,0.0990731061498466,0.2006654156555324,0.0565526998238765,10_sp_aij_15,2091765,0.1,10,1498,20,40,even
158,29.090909090909093,0.1749184009726809,0.163003953923961,0.0194568982716787,0.0757389385240574,0.1278627726931483,0.0919346763226212,0.1407571963201963,0.0845596742357049,0.2098060220801956,0.0424656772450171,10_sp_aij_15,2091765,0.1,10,1498,20,40,even
159,30.0,0.1828864539040488,0.1193757712832241,0.0193622968647819,0.0527190765130315,0.1129754364696058,0.1054990313783049,0.2214852066457082,0.0669911867016228,0.1973585856527058,0.0477628630110222,10_sp_aij_15,2091765,0.1,10,1498,20,40,even
160,0.0,0.02,0.02,0.02,0.02,0.04,0.09,0.05,0.04,0.02,0.04,10_sp_aij_15,2369231,0.1,10,1498,20,40,even
161,0.6060606060606061,0.030332645974297,0.0194782549325758,0.0231068577598288,0.0278571551005058,0.0459101368405497,0.0984982734877032,0.0584349974142265,0.0388753679806566,0.0227335147291247,0.0382725229021878,10_sp_aij_15,2369231,0.1,10,1498,20,40,even
162,1.5151515151515151,0.0453748007195645,0.0181780108684698,0.0162916143242568,0.0325538850867356,0.0416979674245876,0.1147366593372051,0.0694442463210094,0.0518979257539248,0.0442405816269724,0.0337096706365566,10_sp_aij_15,2369231,0.1,10,1498,20,40,even
163,2.121212121212121,0.0766638187633175,0.0156091097992346,0.0182483550850026,0.0354787180545414,0.0377797348709216,0.1344778993000069,0.088827103289374,0.0588277830282358,0.0567470283837003,0.0323693341715961,10_sp_aij_15,2369231,0.1,10,1498,20,40,even
164,3.0303030303030303,0.1103017347773005,0.016877446461455,0.0231517272083988,0.035127857027036,0.0406468992530852,0.155640180936697,0.1126084819221028,0.0833770889733579,0.075514215175438,0.0306317683900876,10_sp_aij_15,2369231,0.1,10,1498,20,40,even
165,3.6363636363636367,0.1529661433649341,0.0178798184079832,0.0215966541451549,0.0447307268283114,0.04552309812323,0.1603146569559408,0.1125336056966287,0.1068718262377097,0.0999269458138363,0.0368589502066655,10_sp_aij_15,2369231,0.1,10,1498,20,40,even
166,4.545454545454546,0.1473196997353072,0.0294759139677938,0.024576356196479,0.0572585235074735,0.0460923948717972,0.1549224023905008,0.109980319569538,0.1566530959850023,0.1001776695490201,0.0323398892434711,10_sp_aij_15,2369231,0.1,10,1498,20,40,even
167,5.151515151515151,0.1822338855325085,0.0383684621098196,0.025934146669284,0.0874715537283022,0.0419318848929902,0.1679853452702557,0.1171643748226216,0.1585510869716183,0.1065153495822469,0.0280495881052152,10_sp_aij_15,2369231,0.1,10,1498,20,40,even
168,6.0606060606060606,0.1336171713093936,0.0578330584741026,0.0274302646950912,0.0953695412055482,0.0531436700178598,0.1276333304689387,0.1192715540386139,0.1365647793929505,0.0999665923656779,0.0245692318619918,10_sp_aij_15,2369231,0.1,10,1498,20,40,even
169,6.666666666666667,0.14834481443983,0.0768522179041931,0.0224079716713773,0.1042487443807387,0.0458991756399442,0.1506312697061844,0.1173677044815964,0.187214912493866,0.1101883334091453,0.0247570568590842,10_sp_aij_15,2369231,0.1,10,1498,20,40,even
170,7.575757575757576,0.1222183753850681,0.1221903790666783,0.0197412225988995,0.1042801363084981,0.0647144033016659,0.1569382684016866,0.11232535496171,0.2129908258644479,0.1410760255485507,0.0229428132514136,10_sp_aij_15,2369231,0.1,10,1498,20,40,even
171,8.181818181818182,0.163284568528687,0.121420410123851,0.0193798301119448,0.1190232823432413,0.0801773369309861,0.179734762750279,0.1129963634647279,0.2272142786128377,0.1229411668869497,0.0179079469644714,10_sp_aij_15,2369231,0.1,10,1498,20,40,even
172,9.090909090909092,0.1432795687389462,0.1671918129097139,0.0168869450211917,0.1462627414645145,0.0795780012420034,0.1940385647979704,0.1425230096610787,0.2231220629026082,0.1629259576576641,0.0178424215418659,10_sp_aij_15,2369231,0.1,10,1498,20,40,even
173,10.0,0.0972099315170313,0.1485805323626428,0.0106605311072057,0.1319889194759466,0.0805411757035478,0.2429772282277457,0.1451967656024703,0.1551471333445409,0.172269862886241,0.0150967657306813,10_sp_aij_15,2369231,0.1,10,1498,20,40,even
174,10.606060606060606,0.0911424896284373,0.1095524585219024,0.0121661480750512,0.1211216121511249,0.0626361063338974,0.2227532656423912,0.164018186664477,0.1488909306871544,0.183017254605766,0.0190631008746821,10_sp_aij_15,2369231,0.1,10,1498,20,40,even
175,11.515151515151516,0.0936555074341459,0.156314537985523,0.0119243533942385,0.17730326554764,0.061247933742934,0.2334689060510061,0.2006415952050217,0.1420257138162809,0.2076953141059204,0.029040280022661,10_sp_aij_15,2369231,0.1,10,1498,20,40,even
176,12.12121212121212,0.1008718502168694,0.144612898829149,0.011898987986102,0.1698657750234898,0.0578883852255575,0.2264020763520975,0.2125589757288252,0.1087891971755466,0.1886878922087273,0.0308749701230674,10_sp_aij_15,2369231,0.1,10,1498,20,40,even
177,13.030303030303031,0.1279848970959854,0.1255659302934907,0.0108887186738286,0.1259059708058334,0.039504975988115,0.2054230152788429,0.1727641213795803,0.1335438230773329,0.1860712986069956,0.0304681215677618,10_sp_aij_15,2369231,0.1,10,1498,20,40,even
178,13.636363636363637,0.1127279500566982,0.1174446827836767,0.0108794267478684,0.1473550596540545,0.0454621320188126,0.1866181523582655,0.2063490264529207,0.1137676202101993,0.1845971371453726,0.0405616041674658,10_sp_aij_15,2369231,0.1,10,1498,20,40,even
179,14.545454545454549,0.1106304829127005,0.1317313019899673,0.0129289079012222,0.1257463092147863,0.0593392309054442,0.2299343736939069,0.2095299603872279,0.1305284358095386,0.1970237820907847,0.0585461326913289,10_sp_aij_15,2369231,0.1,10,1498,20,40,even
180,15.151515151515152,0.1359863934331621,0.0939431848540238,0.0143389847297927,0.1401738316209279,0.0574579640926518,0.212268630281213,0.2470595455121342,0.1485856969378407,0.2065514204718076,0.0599130060977372,10_sp_aij_15,2369231,0.1,10,1498,20,40,even
181,16.060606060606062,0.1172630989621349,0.096173737621541,0.0140018447426897,0.1138391313181305,0.0445908225194233,0.2215597580688834,0.2171995453549713,0.168724428753721,0.2218385149735604,0.0528200560822241,10_sp_aij_15,2369231,0.1,10,1498,20,40,even
182,16.666666666666668,0.0923308904079586,0.0894071546658946,0.0136250963090915,0.0959422150570935,0.0478740932997113,0.2088003202436172,0.1821192487234554,0.1522552582477049,0.1768126859054533,0.0569015276351864,10_sp_aij_15,2369231,0.1,10,1498,20,40,even
183,17.575757575757578,0.0795886880299062,0.0672574458236304,0.0118128956202234,0.1142722479520735,0.0621273855452582,0.2050161088940331,0.2152881587787407,0.1396870789690596,0.1844169864124977,0.0518043417608886,10_sp_aij_15,2369231,0.1,10,1498,20,40,even
184,18.181818181818183,0.0933474970116371,0.0814606250926874,0.0093068188655982,0.0975480873205149,0.0529848502527036,0.177672478104458,0.2001671274901603,0.1280188776376405,0.1331711518703173,0.0545566172282361,10_sp_aij_15,2369231,0.1,10,1498,20,40,even
185,19.09090909090909,0.1237780673592791,0.1152283546428023,0.012879287458548,0.117900271960863,0.0539721962559337,0.2262932887097151,0.1985577993616918,0.0974783705912278,0.1265371702988018,0.0715870252889351,10_sp_aij_15,2369231,0.1,10,1498,20,40,even
186,20.0,0.1563102045916051,0.0991789374247213,0.0102735928587452,0.0975706197010559,0.0636647012347792,0.1980860661789964,0.1750974246808982,0.113361774217814,0.155669286148439,0.069204793841198,10_sp_aij_15,2369231,0.1,10,1498,20,40,even
187,20.60606060606061,0.1575623742557935,0.1331182751561623,0.0104572771965311,0.0902717558028825,0.0771405353111128,0.1978672044200224,0.2268085061978718,0.1094126390067873,0.1743468912386783,0.0697558265874855,10_sp_aij_15,2369231,0.1,10,1498,20,40,even
188,21.51515151515152,0.122795579283508,0.1121143330614276,0.0137557164738814,0.0801782087581909,0.0678265807983276,0.1772973683997623,0.1969920699481125,0.1237888868929228,0.1626614507013422,0.0589260200896863,10_sp_aij_15,2369231,0.1,10,1498,20,40,even
189,22.12121212121212,0.1056842551909378,0.13429761547469,0.0144926977777883,0.1244730277918334,0.0779806820572679,0.1730640525210316,0.2060358948894472,0.1264613380059953,0.1567123755881795,0.0545210430855683,10_sp_aij_15,2369231,0.1,10,1498,20,40,even
190,23.03030303030303,0.1049640518666558,0.1545719636414372,0.012399322452509,0.1494070311878122,0.1132920834461838,0.1780801468720699,0.189505895492146,0.1235292858433289,0.2241584013129102,0.045846759520589,10_sp_aij_15,2369231,0.1,10,1498,20,40,even
191,23.63636363636364,0.1155038943892617,0.1569370403161312,0.0157325601556047,0.1315351487027493,0.123635447561266,0.169880423823713,0.1929816256248241,0.1065400307376048,0.2541438349289917,0.0455500609024199,10_sp_aij_15,2369231,0.1,10,1498,20,40,even
192,24.545454545454547,0.112475345335917,0.1179313724162026,0.0122066403475037,0.095830532340297,0.1303688959948346,0.1837584073693301,0.2106081947202666,0.0974018928469905,0.2405806062757541,0.065631689551105,10_sp_aij_15,2369231,0.1,10,1498,20,40,even
193,25.151515151515152,0.0949268916020355,0.1070924178552412,0.0095216415501736,0.1045792066409283,0.1338961583317796,0.1614896581162888,0.1712805354202583,0.1017430762547582,0.1824629058546416,0.0683307615993205,10_sp_aij_15,2369231,0.1,10,1498,20,40,even
194,26.060606060606062,0.0758680950949721,0.0888960805039566,0.0106463042983662,0.0737009571952428,0.1138512477239724,0.1263271284922225,0.1700919200466148,0.1002417002420957,0.2116354264404739,0.0666677306114443,10_sp_aij_15,2369231,0.1,10,1498,20,40,even
195,26.666666666666668,0.1042885189646993,0.0754101898827012,0.0142142258788563,0.0593242487101004,0.1053818427371501,0.1281405245091273,0.210797704495507,0.0925037268247788,0.1974318611300616,0.0869909681480178,10_sp_aij_15,2369231,0.1,10,1498,20,40,even
196,27.575757575757574,0.0923757479094357,0.0753841887139342,0.0150577547025649,0.0556463519493763,0.1061553660871889,0.0962219046511823,0.2130883464790479,0.0870519568731227,0.1951859039693111,0.0980471623544321,10_sp_aij_15,2369231,0.1,10,1498,20,40,even
197,28.181818181818183,0.1233694600853207,0.060859094401493,0.0171607132628816,0.0517149259698998,0.1000545070936633,0.094587028680717,0.1893840767164286,0.091538144609005,0.1389756475684063,0.0734087202330029,10_sp_aij_15,2369231,0.1,10,1498,20,40,even
198,29.090909090909093,0.1379362703988529,0.0850171352007913,0.0170368694317332,0.0614628753252469,0.1153122180129633,0.0913946230644512,0.1369765504811845,0.0721503012177098,0.1198645110230415,0.0611623953683048,10_sp_aij_15,2369231,0.1,10,1498,20,40,even
199,30.0,0.1730332485446317,0.050565732349088,0.0131120759704518,0.0656169701968037,0.1135545121253017,0.0895577626078665,0.1378987682778194,0.0822665771230636,0.1260407862163697,0.087651083347984,10_sp_aij_15,2369231,0.1,10,1498,20,40,even
200,0.0,0.06,0.03,0.06,0.01,0.05,0.04,0.06,0.01,0.04,0.09,10_sp_aij_15,2753893,0.1,10,1498,20,40,even
201,0.6060606060606061,0.0989321297316316,0.0304258829757714,0.0655738191079958,0.0105329251544515,0.0556083089202713,0.0390215204538177,0.0547201768194106,0.0139155180475355,0.0595285862976909,0.0992584435692817,10_sp_aij_15,2753893,0.1,10,1498,20,40,even
202,1.5151515151515151,0.1271567952651302,0.0336876446436569,0.0726530379037571,0.0125662334314139,0.0387698392411142,0.0400060265813462,0.0494771402352658,0.0165678042878704,0.0833067660412938,0.0668848192031492,10_sp_aij_15,2753893,0.1,10,1498,20,40,even
203,2.121212121212121,0.1539932608363241,0.0444879092683313,0.0952253488560056,0.0123737688688734,0.0527584065203525,0.0375021963510304,0.0554660163585797,0.0192075548309133,0.0687768722865024,0.0558098919527004,10_sp_aij_15,2753893,0.1,10,1498,20,40,even
204,3.0303030303030303,0.2000177327123827,0.0558769242674625,0.0954887666859678,0.0202892946327477,0.0427187545666398,0.0373359668607833,0.0687547415427101,0.0247913124993621,0.0516371965478845,0.0486209181715028,10_sp_aij_15,2753893,0.1,10,1498,20,40,even
205,3.6363636363636367,0.1798630483351899,0.0615505581337541,0.070202735692421,0.0231292307002548,0.0353279068986036,0.0403951707110274,0.0904866133802908,0.0308342554992767,0.0432679264194438,0.0427948362455767,10_sp_aij_15,2753893,0.1,10,1498,20,40,even
206,4.545454545454546,0.1884262502914774,0.0756953856183138,0.055116591610211,0.0259506155965175,0.036551423681197,0.0563717074407732,0.1129023767446541,0.0465277648512377,0.0470318265120402,0.0486961189005806,10_sp_aij_15,2753893,0.1,10,1498,20,40,even
207,5.151515151515151,0.1991510542714845,0.0792579355763037,0.0465384625337436,0.0325775241082904,0.0420996975451605,0.0687662853624227,0.1194146306538569,0.055944362072629,0.0467833756035974,0.0374692204877325,10_sp_aij_15,2753893,0.1,10,1498,20,40,even
208,6.0606060606060606,0.1557517340402167,0.0878169255494685,0.0333163412958841,0.0431515856597045,0.0590341565375437,0.0636684929658268,0.1108751995214927,0.0674407827163534,0.0661222850628323,0.0317321377717731,10_sp_aij_15,2753893,0.1,10,1498,20,40,even
209,6.666666666666667,0.1364441016478019,0.0963755712281678,0.0318129725751572,0.0422205641573512,0.070374566091351,0.0802099032367483,0.1303809136782524,0.0652883097927609,0.0791137580298218,0.0409534383050975,10_sp_aij_15,2753893,0.1,10,1498,20,40,even
210,7.575757575757576,0.1481232939369332,0.0838529922509105,0.0236130700917941,0.0439575368860342,0.0827811702428852,0.0884070443652811,0.1212307615183609,0.0731192527913237,0.0877255585705652,0.0358633753621278,10_sp_aij_15,2753893,0.1,10,1498,20,40,even
211,8.181818181818182,0.1477570602375593,0.0877411233629345,0.0166095070503597,0.0526902576138391,0.0914784019703946,0.0700601472017363,0.1271193131026105,0.0964565920445513,0.1132098013530145,0.0346446330574604,10_sp_aij_15,2753893,0.1,10,1498,20,40,even
212,9.090909090909092,0.123050620912217,0.1040287942382117,0.0215167042950279,0.0578420323461147,0.1027914667286703,0.0742127137316853,0.1524295838095663,0.1238998932257921,0.1478888776511986,0.0290934130224965,10_sp_aij_15,2753893,0.1,10,1498,20,40,even
213,10.0,0.1519928235247656,0.1153252403684857,0.0225516620382838,0.0561656204653399,0.0970666961409137,0.1037264756614743,0.1195214111964685,0.1371022198301516,0.1132280590944295,0.0337313319031337,10_sp_aij_15,2753893,0.1,10,1498,20,40,even
214,10.606060606060606,0.1228686476963616,0.1067977574454314,0.0216405842908581,0.069303200470342,0.0865983891036161,0.1010937379829071,0.0956190155487183,0.1659229747856232,0.138728844152278,0.0339516397798341,10_sp_aij_15,2753893,0.1,10,1498,20,40,even
215,11.515151515151516,0.1376577225888947,0.1350099289113985,0.017348515291864,0.0901152853754087,0.1116770858064881,0.1113526921103577,0.101521069867712,0.1559032162196827,0.1226767459665982,0.0443845778157383,10_sp_aij_15,2753893,0.1,10,1498,20,40,even
216,12.12121212121212,0.168739959381011,0.120600137938937,0.0139844507643267,0.086449380696187,0.1079722995436508,0.1132255241634849,0.0759328324507874,0.1351499752080434,0.1437439249587184,0.0435480741453812,10_sp_aij_15,2753893,0.1,10,1498,20,40,even
217,13.030303030303031,0.1245083271204213,0.0907438794286417,0.0164869712633856,0.0842812635648125,0.1240857213504462,0.0988790854753816,0.0525173680711947,0.1755165567581255,0.1601104130027751,0.0441515859459158,10_sp_aij_15,2753893,0.1,10,1498,20,40,even
218,13.636363636363637,0.0990263156878807,0.0797834565996971,0.0166206959368171,0.087275137594859,0.1124388265802691,0.0980548469009909,0.0556197333554103,0.1406227627461684,0.1291433831242885,0.0427678632636364,10_sp_aij_15,2753893,0.1,10,1498,20,40,even
219,14.545454545454549,0.0894077810804389,0.0867406445460014,0.0174070043648387,0.1066206897043477,0.1198571170414612,0.1098339489288272,0.0787894690982606,0.1339981071968486,0.1139324183150103,0.0437242109251033,10_sp_aij_15,2753893,0.1,10,1498,20,40,even
220,15.151515151515152,0.1173661509521087,0.0920453701076532,0.0172859844829323,0.0809725699288938,0.1003057398762109,0.1037466438577631,0.1131948592118108,0.1070098720365455,0.1415321981431876,0.0493556608569828,10_sp_aij_15,2753893,0.1,10,1498,20,40,even
221,16.060606060606062,0.1055852884461605,0.0996451266741957,0.0179057707704711,0.097112354952832,0.0871915863238846,0.0851627180117605,0.0975408917507904,0.0873171689701728,0.149875649847,0.0528371026616674,10_sp_aij_15,2753893,0.1,10,1498,20,40,even
222,16.666666666666668,0.1224223797208863,0.0983164472815264,0.0157895180571992,0.1004076821401191,0.0953277049954742,0.0975861623229526,0.1199584055256527,0.0685748694336789,0.1902376360269624,0.0591856229201272,10_sp_aij_15,2753893,0.1,10,1498,20,40,even
223,17.575757575757578,0.1355950393765679,0.0906761043247378,0.0114539877823324,0.0879616524934772,0.1114834172768967,0.0802430612464487,0.1305824808560328,0.0633681820400546,0.1833646778380296,0.0624935507612172,10_sp_aij_15,2753893,0.1,10,1498,20,40,even
224,18.181818181818183,0.1613608538529406,0.0978788701207187,0.0155626953764457,0.0783326831357391,0.121845500409765,0.0784862291659679,0.1575091273069258,0.0622164650201296,0.1625219146828061,0.0699916317541807,10_sp_aij_15,2753893,0.1,10,1498,20,40,even
225,19.09090909090909,0.1349415466812628,0.0892850583057631,0.0168753070441427,0.0781101962753029,0.1262642952891513,0.0780490652897859,0.1385905853600228,0.0617583884919295,0.1823644411127605,0.066187787262161,10_sp_aij_15,2753893,0.1,10,1498,20,40,even
226,20.0,0.1394526157207473,0.0779239233279795,0.0201952583628971,0.0662667163958385,0.1155859887343161,0.0946970844167362,0.1606570213103348,0.0616042253194245,0.1601124171104883,0.0727325502286036,10_sp_aij_15,2753893,0.1,10,1498,20,40,even
227,20.60606060606061,0.1132009470751961,0.0862035953802885,0.0221498743328585,0.0648879610228564,0.1087150869885131,0.091659315005707,0.1642733465720312,0.0731622611303174,0.1612635251126842,0.0899892128080054,10_sp_aij_15,2753893,0.1,10,1498,20,40,even
228,21.51515151515152,0.1194236167621567,0.0666112942427184,0.0234383467511794,0.0532088336327258,0.1115955274876222,0.1260634719237432,0.1685429259042007,0.0789496654424558,0.1938661661270719,0.0564527749303016,10_sp_aij_15,2753893,0.1,10,1498,20,40,even
229,22.12121212121212,0.1309731361502151,0.0664302827658698,0.0227656422699516,0.0538812605715217,0.1067727968227702,0.1157087721446348,0.1397081047471171,0.0865740385038773,0.1919886779429919,0.0562870011048725,10_sp_aij_15,2753893,0.1,10,1498,20,40,even
230,23.03030303030303,0.0976307467918776,0.0617870439233619,0.0270332388391245,0.0545065180683975,0.0833145274697883,0.0969219294034866,0.1853719386994253,0.0756480440704589,0.2187589308132108,0.0626588267093917,10_sp_aij_15,2753893,0.1,10,1498,20,40,even
231,23.63636363636364,0.1297209264772778,0.0623003714185017,0.0303192261459673,0.0639777169973002,0.0872021794953617,0.0781379390422418,0.2210551445459118,0.0771731166765627,0.1944504409841688,0.0582687958455129,10_sp_aij_15,2753893,0.1,10,1498,20,40,even
232,24.545454545454547,0.1376416270213446,0.0685943937479099,0.0274003884887272,0.068847725464755,0.0981566583818894,0.0822046572502177,0.231524120373267,0.0744518676269455,0.1502861291030169,0.0555137983103633,10_sp_aij_15,2753893,0.1,10,1498,20,40,even
233,25.151515151515152,0.1251918714338918,0.0808083489735133,0.0323469667953558,0.0796727500760466,0.1046902988254739,0.0839876754469272,0.2079726372068484,0.0661730608865169,0.1758500681861074,0.0487521494845453,10_sp_aij_15,2753893,0.1,10,1498,20,40,even
234,26.060606060606062,0.0955692597308877,0.0714008518414291,0.0329660912148314,0.073662017066777,0.1144396352357634,0.1026269907167175,0.2043191698923971,0.0570231267279668,0.1555824053259229,0.0663826687172811,10_sp_aij_15,2753893,0.1,10,1498,20,40,even
235,26.666666666666668,0.0880228794460404,0.0641113579465265,0.0277719481619016,0.071660835558974,0.0809965926268983,0.1086494188403902,0.1942822355513877,0.073103839626726,0.1280239750931834,0.0546119774685967,10_sp_aij_15,2753893,0.1,10,1498,20,40,even
236,27.575757575757574,0.1016455592155337,0.0769999541392291,0.0189952776551082,0.0854657547577015,0.0874487546477901,0.1242910470384314,0.1277384486611284,0.0620531209721568,0.1509754426860836,0.0624406484711681,10_sp_aij_15,2753893,0.1,10,1498,20,40,even
237,28.181818181818183,0.110186930603148,0.080245673645995,0.0179662427239898,0.1118354067126176,0.0735587672650661,0.1097897864574535,0.143339559814124,0.0683176450921485,0.1779695956940503,0.0661783077551771,10_sp_aij_15,2753893,0.1,10,1498,20,40,even
238,29.090909090909093,0.1424086920221783,0.0995476031848674,0.0180928934159715,0.0666217619982437,0.0800966580164262,0.1089332090444003,0.131434119934729,0.0669427892473489,0.1682112322358903,0.0693188951044504,10_sp_aij_15,2753893,0.1,10,1498,20,40,even
239,30.0,0.1181232448451841,0.0686595261311514,0.0196280388030666,0.0826233642347045,0.0781855183564973,0.0993618442575368,0.1406107275779261,0.0642186160507572,0.1611172689614002,0.0732836032869791,10_sp_aij_15,2753893,0.1,10,1498,20,40,even
240,0.0,0.08,0.06,0.05,0.06,0.02,0.01,0.09,0.06,0.05,0.07,10_sp_aij_15,2905119,0.1,10,1498,20,40,even
241,0.6060606060606061,0.0714006522037415,0.083589083787264,0.0466090597813707,0.0652920673984406,0.0195346902962753,0.0119928061615351,0.0806424777830713,0.068447199737354,0.0550261304062818,0.073149999338551,10_sp_aij_15,2905119,0.1,10,1498,20,40,even
242,1.5151515151515151,0.1074826914633011,0.0787363489362012,0.0345812316923286,0.0620974325178449,0.0214306887570773,0.016736106032901,0.0724624903193194,0.0853081381054908,0.0679526409947611,0.087739512541819,10_sp_aij_15,2905119,0.1,10,1498,20,40,even
243,2.121212121212121,0.1252727210717623,0.0874300215894751,0.0305695770264206,0.0684329760584278,0.0215984325681785,0.0233720807372179,0.0735786450064055,0.1286762104691889,0.0828397837808577,0.089452761705123,10_sp_aij_15,2905119,0.1,10,1498,20,40,even
244,3.0303030303030303,0.1320095921017557,0.1259227595079182,0.0272421559703922,0.0734644984967486,0.0294711814797599,0.0313132484127297,0.0492520035091399,0.1290370915784681,0.0858482114907551,0.0895798582830756,10_sp_aij_15,2905119,0.1,10,1498,20,40,even
245,3.6363636363636367,0.1349889141778831,0.1188840568061752,0.0271077872652322,0.1014489779199159,0.037058466169643,0.048745648173098,0.0431012733360234,0.141205886673621,0.08220305194595,0.075795460998016,10_sp_aij_15,2905119,0.1,10,1498,20,40,even
246,4.545454545454546,0.1048738629585238,0.146175235224873,0.0236204790936254,0.0885254503266819,0.0463662940598053,0.0623235623553164,0.047135892902754,0.1585753366108752,0.0887142214547648,0.06268288526777,10_sp_aij_15,2905119,0.1,10,1498,20,40,even
247,5.151515151515151,0.1266053372150986,0.1173904579295738,0.0208323039131274,0.101392704471413,0.0510832746087234,0.0779206388100022,0.0437697732060949,0.1402030871386523,0.0881124413475022,0.0611834276208155,10_sp_aij_15,2905119,0.1,10,1498,20,40,even
248,6.0606060606060606,0.1092714796408933,0.1337715838360933,0.0186072544978996,0.0988055407007173,0.0581090511675386,0.09622664342956,0.0446840658616698,0.1423610125557941,0.1065528188510163,0.0655489663831684,10_sp_aij_15,2905119,0.1,10,1498,20,40,even
249,6.666666666666667,0.1017346131767399,0.1439409230336136,0.0133132294027838,0.1258436791688137,0.057395965965133,0.0888589481270808,0.0644194921125763,0.1216223468202761,0.1376478173687187,0.0565293120926892,10_sp_aij_15,2905119,0.1,10,1498,20,40,even
250,7.575757575757576,0.0916124117559555,0.1444848154497185,0.0151046510814249,0.1369031918473066,0.0812939579645732,0.0989888012441908,0.0961647970927381,0.1256579870798766,0.1547208898394774,0.0508094043176911,10_sp_aij_15,2905119,0.1,10,1498,20,40,even
251,8.181818181818182,0.096261558099947,0.1772798676975996,0.0175450269146587,0.1393180575971807,0.0778139311087176,0.1152349698624038,0.1116983420584293,0.1345618596190382,0.1685693627500787,0.0512734615368265,10_sp_aij_15,2905119,0.1,10,1498,20,40,even
252,9.090909090909092,0.0981797162801815,0.1381248868396613,0.0178182060542918,0.128684470638383,0.1001348830248351,0.160716045066267,0.1159083499100192,0.1444702704489665,0.1432347715472925,0.0582162133413034,10_sp_aij_15,2905119,0.1,10,1498,20,40,even
253,10.0,0.0816502381589706,0.1206834175400596,0.0127017814417303,0.128383664298171,0.1085348528619996,0.1309506691514202,0.1067191674539619,0.1550788459581714,0.1535830697237491,0.0615269435527674,10_sp_aij_15,2905119,0.1,10,1498,20,40,even
254,10.606060606060606,0.063756585592936,0.1123300069294017,0.013328759667405,0.1309653512214804,0.1027966855926436,0.1649249580782091,0.1075383071545359,0.1400757770260896,0.1591168372171376,0.0723723276360097,10_sp_aij_15,2905119,0.1,10,1498,20,40,even
255,11.515151515151516,0.0678214604919607,0.097119131257835,0.0197200260588885,0.1391596241742782,0.1050468005386716,0.1644935274525335,0.1230872560301061,0.1547590362330554,0.1801925722874015,0.0870835200590924,10_sp_aij_15,2905119,0.1,10,1498,20,40,even
256,12.12121212121212,0.0754429140520441,0.0918800041380639,0.0164423761880287,0.1011978775934731,0.1113037063546749,0.1723494923140805,0.1359464725650285,0.1896403802371297,0.2227369260490689,0.0961197655916125,10_sp_aij_15,2905119,0.1,10,1498,20,40,even
257,13.030303030303031,0.05662969422356,0.0936017921062846,0.025135446557731,0.1061609178677962,0.1085227835891574,0.1957669921463578,0.1783146660997594,0.133267214547949,0.2241470681857544,0.0891724444877355,10_sp_aij_15,2905119,0.1,10,1498,20,40,even
258,13.636363636363637,0.0665083030076656,0.0893401612806029,0.0333183309211978,0.0952014727052089,0.1021624930535765,0.1640541545865614,0.1636018305245323,0.1209060774498941,0.2235482569061889,0.0668864200533932,10_sp_aij_15,2905119,0.1,10,1498,20,40,even
259,14.545454545454549,0.0845701007511871,0.1229252534777472,0.0340839571651581,0.1125155718825051,0.0825093778727697,0.1798986966513254,0.1981326627697814,0.1774400700548066,0.2127361877942628,0.0666453450043414,10_sp_aij_15,2905119,0.1,10,1498,20,40,even
260,15.151515151515152,0.0888749854062537,0.0968174974892214,0.0311814008933942,0.115248762793645,0.0603366455937628,0.2056820978404878,0.2102522647709343,0.1406224815451102,0.1896848760691694,0.0640735878350118,10_sp_aij_15,2905119,0.1,10,1498,20,40,even
261,16.060606060606062,0.0847263214513418,0.1087744051391799,0.028385439417847,0.0956038959923381,0.0598063363631179,0.1976538451767794,0.2187971283139952,0.1574733321095552,0.2734878288883045,0.0723034896208184,10_sp_aij_15,2905119,0.1,10,1498,20,40,even
262,16.666666666666668,0.0628601847238706,0.1298778976688117,0.0276638472731583,0.0902268980892865,0.0505249790145665,0.1729566864087889,0.2474894034208579,0.183165296640844,0.2544674806630203,0.0710194649945192,10_sp_aij_15,2905119,0.1,10,1498,20,40,even
263,17.575757575757578,0.0680997001375842,0.1303946321997597,0.0297190772122745,0.1004836430068592,0.0681094065959954,0.1584418590667213,0.234405205923419,0.1336396517104853,0.2112460855488407,0.0654499679428862,10_sp_aij_15,2905119,0.1,10,1498,20,40,even
264,18.181818181818183,0.0746039520988102,0.1398446782276685,0.0290449496466398,0.1092259023655966,0.04901643793826,0.1708314907229199,0.2266172846445095,0.1213397618274966,0.2301801260321602,0.0575831249108627,10_sp_aij_15,2905119,0.1,10,1498,20,40,even
265,19.09090909090909,0.0612578567472694,0.1227576472313761,0.0293680517407303,0.1050257460585084,0.0395346094833262,0.188929984682468,0.2446136378196609,0.1369176279511785,0.2532805242922269,0.0575785525287574,10_sp_aij_15,2905119,0.1,10,1498,20,40,even
266,20.0,0.0773942944369114,0.1200503776175629,0.0254387279749484,0.0851212172268913,0.0410500836407496,0.1708744823105531,0.2519254412375605,0.1430785355938439,0.230295570654491,0.0536162297170597,10_sp_aij_15,2905119,0.1,10,1498,20,40,even
267,20.60606060606061,0.102268728221056,0.1080229892394832,0.0281644456094669,0.0791811172674058,0.0523574560331643,0.1936237385386733,0.2122027471219391,0.1196117269662077,0.183284915680526,0.0446088798196818,10_sp_aij_15,2905119,0.1,10,1498,20,40,even
268,21.51515151515152,0.1044906964471009,0.1381587588475265,0.0295715203221416,0.0715074681054154,0.0633774467012972,0.1925889491267317,0.2151715345413155,0.097613971425339,0.1762330220277039,0.0506239787242692,10_sp_aij_15,2905119,0.1,10,1498,20,40,even
269,22.12121212121212,0.1129546168966213,0.1334516663093386,0.0275131732387423,0.1047870182113968,0.0596458402617389,0.1808357200944642,0.2220229336809518,0.0890638653407088,0.1492649861053004,0.0403635740162763,10_sp_aij_15,2905119,0.1,10,1498,20,40,even
270,23.03030303030303,0.0982915156873107,0.1440779525049381,0.0230516905111775,0.1130909698286559,0.0866080512937754,0.1506267617748059,0.1882412261848515,0.0817898489895544,0.1547775886523446,0.0452051325115677,10_sp_aij_15,2905119,0.1,10,1498,20,40,even
271,23.63636363636364,0.091890571169306,0.1382981241197946,0.0208338612928417,0.1255705111344242,0.0887266418563547,0.1618296206413636,0.1382280882842041,0.1125670585257468,0.1637529377522276,0.0425283521552275,10_sp_aij_15,2905119,0.1,10,1498,20,40,even
272,24.545454545454547,0.0897228891231188,0.1207097460247052,0.0240807161585448,0.1025701763469888,0.069422145962239,0.1722395949051609,0.1409664253162897,0.1291927661543867,0.1755960559226513,0.0479719406696875,10_sp_aij_15,2905119,0.1,10,1498,20,40,even
273,25.151515151515152,0.0914666156475357,0.1105356781163751,0.0258241648124865,0.1049725988938224,0.1045387598741637,0.1429451074256033,0.1726337241741375,0.1322610040460875,0.1643392191236071,0.0470451665118221,10_sp_aij_15,2905119,0.1,10,1498,20,40,even
274,26.060606060606062,0.0871771021178328,0.1098253573460861,0.0248687838454608,0.1164713103032578,0.1218187709940556,0.1657370892160001,0.1669721794476423,0.124086161917547,0.1911936038824002,0.0418086755527763,10_sp_aij_15,2905119,0.1,10,1498,20,40,even
275,26.666666666666668,0.1175670948014486,0.1091908721309693,0.0310896057624014,0.1031231424552026,0.1229595768137551,0.173860521606382,0.1380501038322083,0.1321143507474657,0.2033983987449488,0.0537287006992888,10_sp_aij_15,2905119,0.1,10,1498,20,40,even
276,27.575757575757574,0.0896753085777578,0.1344401310233633,0.0399992595315865,0.113317519225724,0.1040668190576959,0.1793604307773858,0.1492118367511554,0.1352063000020517,0.1859170782558047,0.0468559750470176,10_sp_aij_15,2905119,0.1,10,1498,20,40,even
277,28.181818181818183,0.0992477106160013,0.1170849507820388,0.0375808028150798,0.1090082417685006,0.1090677630340734,0.1854841183149951,0.1874319250846047,0.114481097338978,0.1997091345443924,0.059178086805816,10_sp_aij_15,2905119,0.1,10,1498,20,40,even
278,29.090909090909093,0.0982176402659138,0.1237673379414955,0.0409864127637576,0.1133788165638553,0.1153171789888269,0.1734091210719269,0.2388066133336895,0.125175764616548,0.2203333870821033,0.0789084094890897,10_sp_aij_15,2905119,0.1,10,1498,20,40,even
279,30.0,0.1014027831593725,0.127032721923535,0.0511567306654354,0.1126774913691906,0.1346351966706997,0.1396363589846493,0.1456059533553321,0.1515012894013038,0.2360127824981687,0.101567548795638,10_sp_aij_15,2905119,0.1,10,1498,20,40,even
280,0.0,0.04,0.03,0.05,0.08,0.06,0.05,0.03,0.07,0.09,0.09,10_sp_aij_15,3049039,0.1,10,1498,20,40,even
281,0.6060606060606061,0.0518749806311244,0.0320838358617862,0.0457881815541149,0.0736026197009243,0.0573903003059758,0.0693293063978778,0.0414162936333704,0.0891224417429667,0.0804223124372111,0.08046924734236,10_sp_aij_15,3049039,0.1,10,1498,20,40,even
282,1.5151515151515151,0.0698141269230074,0.0398065047735508,0.0397164328225442,0.1089670949783641,0.0635474120656658,0.0706435306379464,0.0419244796596905,0.1150491530967861,0.0659070101744598,0.0909291393396694,10_sp_aij_15,3049039,0.1,10,1498,20,40,even
283,2.121212121212121,0.0857412793348446,0.03864970366891,0.0349824044550459,0.0986481544201752,0.0628981893507473,0.082722389301429,0.0466052629887226,0.1387869508845118,0.0798352328144449,0.1064823492747857,10_sp_aij_15,3049039,0.1,10,1498,20,40,even
284,3.0303030303030303,0.1046621664639863,0.0487061130180825,0.0335499660866308,0.0916753554701359,0.0656848335461149,0.1094535823491473,0.0488861129552615,0.1521534760086526,0.1079744787268701,0.0874641488935285,10_sp_aij_15,3049039,0.1,10,1498,20,40,even
285,3.6363636363636367,0.1088811674909371,0.0557134934734262,0.0309435724761226,0.1081619831982875,0.0487337240535844,0.09299830024427,0.0708104176356705,0.186454665941394,0.137441993489828,0.0887933728458881,10_sp_aij_15,3049039,0.1,10,1498,20,40,even
286,4.545454545454546,0.1040121993383953,0.0572400917927011,0.0374132001755381,0.1083443164177031,0.0517947173468037,0.0977156068324013,0.0474744999070522,0.1964465347508494,0.1173076983913023,0.0790865121442692,10_sp_aij_15,3049039,0.1,10,1498,20,40,even
287,5.151515151515151,0.1111230285768134,0.0520122420955822,0.0389507238528041,0.1248863938636759,0.05508353863857,0.093286864191801,0.0391565483995366,0.2205379119246414,0.1550050540499714,0.0630164936007025,10_sp_aij_15,3049039,0.1,10,1498,20,40,even
288,6.0606060606060606,0.1128303790352023,0.0902136696743199,0.0366455345849248,0.1101662172709664,0.0654980016513005,0.116496414282902,0.0567349760923851,0.1906386135985874,0.1437565933065842,0.0601421065912863,10_sp_aij_15,3049039,0.1,10,1498,20,40,even
289,6.666666666666667,0.1025009604490117,0.1225117992771675,0.038444651677922,0.1035219167443129,0.0691423794201392,0.122738070041661,0.062371977912458,0.188522085970415,0.1202753764437569,0.0494185170595843,10_sp_aij_15,3049039,0.1,10,1498,20,40,even
290,7.575757575757576,0.1247421962585728,0.1472958740299928,0.0334344837231269,0.1217445358956858,0.0769695265947453,0.1034336359818631,0.1013093891392387,0.2030887097153526,0.1129607650015703,0.0422783246256609,10_sp_aij_15,3049039,0.1,10,1498,20,40,even
291,8.181818181818182,0.1307686302214414,0.1784645200665519,0.0291767979253212,0.1602867488416979,0.0832945980024216,0.1416973562932648,0.1004384866767422,0.2003041633015478,0.1281741866471549,0.0401828395439122,10_sp_aij_15,3049039,0.1,10,1498,20,40,even
292,9.090909090909092,0.1161818039751621,0.1504680791955614,0.0225596541833419,0.1697925701382921,0.0997704414063018,0.1342623370687572,0.1019396615620124,0.1643899335577167,0.1426760711422123,0.0678905725522199,10_sp_aij_15,3049039,0.1,10,1498,20,40,even
293,10.0,0.0889231318990911,0.1453183725174222,0.0216578611666587,0.185229070759705,0.098163806414179,0.1247150185375451,0.156348723718938,0.1834850228596384,0.1866088111793311,0.062674937118862,10_sp_aij_15,3049039,0.1,10,1498,20,40,even
294,10.606060606060606,0.06262399739875,0.1689470892666829,0.0232806498832244,0.1728446770131653,0.103079690984263,0.135192387796909,0.1561092601396164,0.2051796825947102,0.161305447485293,0.086474854639686,10_sp_aij_15,3049039,0.1,10,1498,20,40,even
295,11.515151515151516,0.054334116031426,0.1720390653646298,0.0241668253584446,0.1568543774148542,0.1144998472015141,0.142937189135921,0.1846847522429917,0.1887862035116958,0.2354226772807953,0.069098526936021,10_sp_aij_15,3049039,0.1,10,1498,20,40,even
296,12.12121212121212,0.0553665614538077,0.1297808281211725,0.0324262390381694,0.1386322410089226,0.0993101071675772,0.1555565103831769,0.2027001648509268,0.189657855815671,0.2069623183327903,0.0800842901373563,10_sp_aij_15,3049039,0.1,10,1498,20,40,even
297,13.030303030303031,0.0638663360961655,0.1378938019519119,0.0327620295657861,0.1670998168102204,0.0925054913141072,0.1664043537087003,0.1904521655078689,0.1570685434001502,0.2106399833299012,0.0558988268739114,10_sp_aij_15,3049039,0.1,10,1498,20,40,even
298,13.636363636363637,0.0769107520865523,0.1301748897229211,0.0385307606630013,0.1231511469170564,0.1126113599866585,0.1627756899722281,0.2281989827764045,0.1255949105862713,0.1914544068607594,0.0534984039685447,10_sp_aij_15,3049039,0.1,10,1498,20,40,even
299,14.545454545454549,0.0742630206617562,0.1437648369576702,0.0257639848294134,0.0965365550000164,0.1010570056639035,0.2085329883374511,0.1672293237239521,0.1060712567536439,0.1652818904273124,0.0586913220180759,10_sp_aij_15,3049039,0.1,10,1498,20,40,even
300,15.151515151515152,0.0889824842174935,0.1269004817483408,0.0290755377642068,0.1108248533607525,0.1094041505466296,0.1685661593857252,0.1815682781684691,0.1446234333182533,0.2057833643347763,0.0650341511320696,10_sp_aij_15,3049039,0.1,10,1498,20,40,even
301,16.060606060606062,0.0883115594116292,0.1545408338175339,0.0353680755052331,0.0878076658250873,0.0954943069896096,0.1944761846507408,0.1916954310302185,0.0997699373281181,0.2106379012903363,0.0541398541437723,10_sp_aij_15,3049039,0.1,10,1498,20,40,even
302,16.666666666666668,0.1295275554344023,0.1483506515773429,0.0334400888106806,0.0840971785845493,0.0849094697261588,0.1882793949331331,0.1968996563892549,0.090858210073128,0.1826069093942156,0.0601735351455833,10_sp_aij_15,3049039,0.1,10,1498,20,40,even
303,17.575757575757578,0.1545339687548627,0.1311822234870847,0.0364458567768468,0.0784764726156164,0.087213789278574,0.1280497099368595,0.1469482065790888,0.1389113946753614,0.1637316464625788,0.0670944275019275,10_sp_aij_15,3049039,0.1,10,1498,20,40,even
304,18.181818181818183,0.1027622586267465,0.1185873250035089,0.0392077715540927,0.0803021815809458,0.0744402298938238,0.1339103247458583,0.1483285810386937,0.1159895914482211,0.1979608007163419,0.0772696659207718,10_sp_aij_15,3049039,0.1,10,1498,20,40,even
305,19.09090909090909,0.1167573624362492,0.1421755270828734,0.0378321471067108,0.0981619491070265,0.0827824862819042,0.155905701663604,0.1613091130664157,0.088224209345841,0.1872203321302513,0.0980648908031797,10_sp_aij_15,3049039,0.1,10,1498,20,40,even
306,20.0,0.1266647067136287,0.1085378575054514,0.0430171529872509,0.0825781387114878,0.0678139205005754,0.1628599472335509,0.1388919175299008,0.0893517490787094,0.1512743686289222,0.0647161639242662,10_sp_aij_15,3049039,0.1,10,1498,20,40,even
307,20.60606060606061,0.1194402960063488,0.1176662435515215,0.0362573007721894,0.0889771293104387,0.0855248461249595,0.2054796229372188,0.1466409849903109,0.103381865830528,0.1430101079468573,0.0671069163690822,10_sp_aij_15,3049039,0.1,10,1498,20,40,even
308,21.51515151515152,0.1312830876816401,0.1182513862380097,0.0348263371563679,0.115185645957256,0.0888791603901557,0.1694862481095248,0.1623909896173735,0.1476312031068422,0.142546604403637,0.0688373623059516,10_sp_aij_15,3049039,0.1,10,1498,20,40,even
309,22.12121212121212,0.1420446657310689,0.1073960130778987,0.0334730285409436,0.1333654566409881,0.0918741405438064,0.1477049762650615,0.1648420353588292,0.1543704748049064,0.1386760253334576,0.0875047298052795,10_sp_aij_15,3049039,0.1,10,1498,20,40,even
310,23.03030303030303,0.1156688465800368,0.1428340803032385,0.0278905041318538,0.1468468011385748,0.0885353825919755,0.1649777051800256,0.184792828639404,0.1480461023643081,0.1596067400647554,0.0572052161840281,10_sp_aij_15,3049039,0.1,10,1498,20,40,even
311,23.63636363636364,0.1262310444149154,0.1409361770669557,0.0203396517282548,0.1764534167651416,0.089812454921616,0.1544752396331507,0.1815538334638456,0.1237267894250553,0.1932415442218576,0.070109768867597,10_sp_aij_15,3049039,0.1,10,1498,20,40,even
312,24.545454545454547,0.1434520532660455,0.1217478252242543,0.0249657120529489,0.1162882613778525,0.0914548832483881,0.1750328631258867,0.1563082714983403,0.1348955854433283,0.1261546528128551,0.0719868618755259,10_sp_aij_15,3049039,0.1,10,1498,20,40,even
313,25.151515151515152,0.144336076484515,0.1234250406324015,0.0202780516790619,0.1130920662494523,0.0976012437029211,0.1654683264924156,0.196867072366084,0.1349512114658066,0.1845222681327904,0.0709466750211807,10_sp_aij_15,3049039,0.1,10,1498,20,40,even
314,26.060606060606062,0.1322454278378912,0.1247936713801266,0.0241731084989521,0.1179889861178048,0.1014054369626884,0.194901077437319,0.2713063037660346,0.1521756373822041,0.1691800147332244,0.0547809912503451,10_sp_aij_15,3049039,0.1,10,1498,20,40,even
315,26.666666666666668,0.1456838212684479,0.1311738054124476,0.0294724612889012,0.0998206873849376,0.0979918107291315,0.2241075295346951,0.2532828770977497,0.1464617228890925,0.1892579007995893,0.0456287114712497,10_sp_aij_15,3049039,0.1,10,1498,20,40,even
316,27.575757575757574,0.162566268738368,0.1305572620592896,0.0302349917360779,0.1160285326092341,0.1030937411969998,0.1901840330399995,0.2150660786218211,0.1232598019289833,0.1939249809829315,0.0367521399036459,10_sp_aij_15,3049039,0.1,10,1498,20,40,even
317,28.181818181818183,0.1643117066688099,0.1057209561593169,0.022131349773516,0.1268680902902043,0.0921543729925373,0.1862124819711695,0.2257397214229022,0.0995372168230697,0.2072597765272181,0.0384939219457725,10_sp_aij_15,3049039,0.1,10,1498,20,40,even
318,29.090909090909093,0.1771581618252576,0.1141094495691885,0.0228470284599058,0.1314976979930585,0.092097646944488,0.1410869370250096,0.2207480681653598,0.1149926428183027,0.1962871804505881,0.0427192403789134,10_sp_aij_15,3049039,0.1,10,1498,20,40,even
319,30.0,0.1230491051331487,0.1191498539782675,0.021504023700147,0.0987119474899875,0.1099588738803242,0.1194307978087231,0.2397585736588236,0.1309157942085454,0.1793390745553264,0.0334429065340587,10_sp_aij_15,3049039,0.1,10,1498,20,40,even
320,0.0,0.08,0.01,0.05,0.03,0.08,0.01,0.01,0.02,0.01,0.02,10_sp_aij_15,4240255,0.1,10,1498,20,40,even
321,0.6060606060606061,0.1089621853826813,0.0092427656738291,0.0421532547978225,0.0393679214026137,0.0851433580755909,0.0105304235585646,0.0099340437778303,0.0222041227805782,0.0102747958694174,0.0223597272267158,10_sp_aij_15,4240255,0.1,10,1498,20,40,even
322,1.5151515151515151,0.1265276846019745,0.0098438518116171,0.0360717349495099,0.0342531712988083,0.0790379002537303,0.0153856526926725,0.0134303971559659,0.040130616001229,0.013564257809512,0.0346643100514364,10_sp_aij_15,4240255,0.1,10,1498,20,40,even
323,2.121212121212121,0.1375113095375082,0.0121186982977269,0.0386530230161957,0.0328416386840533,0.0855378680258026,0.0215383679095699,0.0136895659926126,0.0538605413168586,0.0117333705683973,0.0474187235970874,10_sp_aij_15,4240255,0.1,10,1498,20,40,even
324,3.0303030303030303,0.1746883066391102,0.0129569539685604,0.0287319722593689,0.0347598090532052,0.0576845486150841,0.023985891286341,0.0178849461388656,0.0713262921998415,0.0111794410106386,0.0574143820926768,10_sp_aij_15,4240255,0.1,10,1498,20,40,even
325,3.6363636363636367,0.1795142678138195,0.0140511712311512,0.0229737647414236,0.0391228811857563,0.0611275024539685,0.0191100462716168,0.0210384207971453,0.0917411297160258,0.0137150772402984,0.0642872552104223,10_sp_aij_15,4240255,0.1,10,1498,20,40,even
326,4.545454545454546,0.1701569338062277,0.0217115727143149,0.0216709709073126,0.0418862643459066,0.0745082716863366,0.0209427340401648,0.0267624660988038,0.1333272420588305,0.0251964881925343,0.0468802810826474,10_sp_aij_15,4240255,0.1,10,1498,20,40,even
327,5.151515151515151,0.1639863357675848,0.0269407676792683,0.0241349867773941,0.048500024508468,0.0565788935911675,0.0230493088902593,0.0225668487478744,0.1257782885245095,0.0262411384923152,0.0428198925285647,10_sp_aij_15,4240255,0.1,10,1498,20,40,even
328,6.0606060606060606,0.1582146723496163,0.0390582973911479,0.0225564125091668,0.0687634243287355,0.0670848989233284,0.030116827125616,0.0241833651122153,0.1258762051219707,0.0361399009206955,0.0460718011696863,10_sp_aij_15,4240255,0.1,10,1498,20,40,even
329,6.666666666666667,0.1567797840315438,0.0527136656327232,0.0204015458857819,0.0775601143243294,0.0651520893137294,0.043137775868452,0.0301851660141595,0.1065524871230479,0.0330874705676639,0.0450131975176761,10_sp_aij_15,4240255,0.1,10,1498,20,40,even
330,7.575757575757576,0.1514379260647178,0.084917548273111,0.0164268656741774,0.0840389954318716,0.0571993291945609,0.0520094069342195,0.0305540301956364,0.1244783954865425,0.0362500984182353,0.0588693246594353,10_sp_aij_15,4240255,0.1,10,1498,20,40,even
331,8.181818181818182,0.16413707522055,0.107280296656895,0.0136880991428332,0.0883010293231653,0.0587694032325518,0.052038834614906,0.0317845430663224,0.1289700984167356,0.0551980722076512,0.0817647126313824,10_sp_aij_15,4240255,0.1,10,1498,20,40,even
332,9.090909090909092,0.1312025031486751,0.1234918065290752,0.0112752369951619,0.1002611824005222,0.0607744676726338,0.0654616586232445,0.0421437727568674,0.1720570468331452,0.0728199508588385,0.082145364448811,10_sp_aij_15,4240255,0.1,10,1498,20,40,even
333,10.0,0.1114204325913654,0.1300973237848136,0.0088296328821844,0.1155543188961729,0.0739200058366317,0.080830383109828,0.0475297190944098,0.1870687532170222,0.0794983287098231,0.0732057383227248,10_sp_aij_15,4240255,0.1,10,1498,20,40,even
334,10.606060606060606,0.1097796075382391,0.1044889614790846,0.0089878828541605,0.1410477276834016,0.0831650749564546,0.10821748561272,0.0552539403707251,0.1362562015035866,0.0774004276398469,0.0712601645923897,10_sp_aij_15,4240255,0.1,10,1498,20,40,even
335,11.515151515151516,0.0922030018728702,0.0843790258005453,0.0113984306749605,0.1387207057914843,0.0976892127006027,0.1222367019043977,0.0516180869812481,0.2101719270506151,0.1168562060377442,0.0576217812720583,10_sp_aij_15,4240255,0.1,10,1498,20,40,even
336,12.12121212121212,0.1023295814457726,0.081786010002797,0.0155328798650524,0.1589875729443208,0.0679457804489542,0.11809900658905,0.0564243952601661,0.2795579394491013,0.1310930077298522,0.0464214826167886,10_sp_aij_15,4240255,0.1,10,1498,20,40,even
337,13.030303030303031,0.0601112325104026,0.0941978972287414,0.0170678943192488,0.1316156155588139,0.0616651498725195,0.1218341071462677,0.076043577962024,0.2794958822890116,0.1807273841722483,0.0498013379014072,10_sp_aij_15,4240255,0.1,10,1498,20,40,even
338,13.636363636363637,0.048300277204616,0.0992846340271212,0.0167439656163484,0.1280049024618897,0.0566045056092889,0.1421388522557446,0.0855307024522756,0.248506770738621,0.2277215889561631,0.0563417416892705,10_sp_aij_15,4240255,0.1,10,1498,20,40,even
339,14.545454545454549,0.0495057519921964,0.1473513930190517,0.0134888927699836,0.1121192144713965,0.0621174720930999,0.1835240501665045,0.1172703148227854,0.1735966137554359,0.1771442749143111,0.0519655404115815,10_sp_aij_15,4240255,0.1,10,1498,20,40,even
340,15.151515151515152,0.0624474878742711,0.1337832845099151,0.0123127563777583,0.0877018986433618,0.0572431260431658,0.1745295045645931,0.1415978757931373,0.1320067624158329,0.1546419155405998,0.0622483014517168,10_sp_aij_15,4240255,0.1,10,1498,20,40,even
341,16.060606060606062,0.1155354067695056,0.1133353724336186,0.0142212915932456,0.0871726957498283,0.0656131426450146,0.1406654328197845,0.1267293500867879,0.1066384142494206,0.2143800200233429,0.067252318477323,10_sp_aij_15,4240255,0.1,10,1498,20,40,even
342,16.666666666666668,0.120671154374629,0.1128237816595222,0.0123343257542211,0.0908499984174556,0.05705400881357,0.1476573395245701,0.1274377827452469,0.1220748132643526,0.2337343905872661,0.0628388570946011,10_sp_aij_15,4240255,0.1,10,1498,20,40,even
343,17.575757575757578,0.123057490409914,0.0862976024689778,0.0109753722155588,0.0932044729468691,0.0539265516082857,0.1270266915284569,0.1409892918734058,0.1227879376248982,0.2474292670889447,0.0781043246975257,10_sp_aij_15,4240255,0.1,10,1498,20,40,even
344,18.181818181818183,0.1037940179339256,0.0953012757098001,0.0115467457647097,0.0767566447054052,0.0662412282041097,0.1493770277137965,0.1628204657898997,0.1507109482195603,0.1970108273682212,0.0840115791466764,10_sp_aij_15,4240255,0.1,10,1498,20,40,even
345,19.09090909090909,0.1258860211952508,0.0817246707221186,0.0103869153314204,0.0825727947232369,0.0671434947352402,0.1677587431536068,0.1734456415372338,0.1661674908675983,0.1612769436631717,0.0649118638595954,10_sp_aij_15,4240255,0.1,10,1498,20,40,even
346,20.0,0.1309655940486149,0.0894242301966656,0.0115079212568903,0.0844153875102727,0.0887391482754501,0.1709438859136189,0.1385561728468112,0.1368607551305095,0.1663563924307014,0.076602724326192,10_sp_aij_15,4240255,0.1,10,1498,20,40,even
347,20.60606060606061,0.1351497779455058,0.0861054608275263,0.0127070855602722,0.0924585219056638,0.0955895035078025,0.1610112323803447,0.1419631468882778,0.1551794302315329,0.1281789746891476,0.0817675712598011,10_sp_aij_15,4240255,0.1,10,1498,20,40,even
348,21.51515151515152,0.1081574929389818,0.0519671694523515,0.0108279039260019,0.1089516268676579,0.1134463031565572,0.1816773471112362,0.1500862944742436,0.1378349884914413,0.1561907753630582,0.0721339316795883,10_sp_aij_15,4240255,0.1,10,1498,20,40,even
349,22.12121212121212,0.0947657262103242,0.0576480287006771,0.01195360553595,0.1059098967754563,0.1097861572670855,0.1973564876825668,0.1297732640141307,0.1232106529911199,0.1892405135184316,0.0623657801064651,10_sp_aij_15,4240255,0.1,10,1498,20,40,even
350,23.03030303030303,0.0914688575576943,0.0720501045727038,0.0181892392471666,0.0986149068842808,0.0905630032492178,0.1570612613662691,0.1584751033546699,0.1583114017942433,0.1689456050650027,0.0526601909023718,10_sp_aij_15,4240255,0.1,10,1498,20,40,even
351,23.63636363636364,0.0754298875769578,0.0761672204399125,0.0151164453083473,0.0991510181094534,0.0920300196025813,0.1420353348151129,0.1442189848277829,0.1222331535491838,0.2047871600218705,0.0451879021027394,10_sp_aij_15,4240255,0.1,10,1498,20,40,even
352,24.545454545454547,0.0736623864686841,0.0959909054991355,0.015603380590751,0.1076746569631619,0.0890606218982694,0.1220932578741074,0.1315793930601055,0.1202712112608387,0.2308634476209005,0.0549921046532192,10_sp_aij_15,4240255,0.1,10,1498,20,40,even
353,25.151515151515152,0.0910110573641729,0.0923667580913028,0.0184450353077229,0.1090149934399232,0.0819104721637577,0.145446213190661,0.1533715387200843,0.0867773522048271,0.1935565984982558,0.0602612950736232,10_sp_aij_15,4240255,0.1,10,1498,20,40,even
354,26.060606060606062,0.1032894912226706,0.0892699145181641,0.0180950930254605,0.0946212119099189,0.079171812563099,0.178572911851103,0.1564083979560801,0.0844370790471646,0.1522227211310885,0.0604697186494757,10_sp_aij_15,4240255,0.1,10,1498,20,40,even
355,26.666666666666668,0.0985781428970779,0.0908476561771869,0.0161603573187404,0.0922362009186659,0.0858513378643916,0.1675727927154539,0.1685836711854897,0.0862784216943505,0.1372814408934173,0.0567385954613112,10_sp_aij_15,4240255,0.1,10,1498,20,40,even
356,27.575757575757574,0.1341294371354075,0.0930864293145975,0.0148415863376266,0.0930185010378443,0.0735361924891917,0.1666437688628478,0.1860310490678002,0.0787009348421435,0.2079497491455029,0.0737482126041843,10_sp_aij_15,4240255,0.1,10,1498,20,40,even
357,28.181818181818183,0.1462609400084177,0.1054055210779173,0.0172398399474079,0.0843214741581068,0.0781112002013005,0.1646068188352228,0.1923907608639261,0.0828763932330795,0.2544315622550183,0.0664464577529132,10_sp_aij_15,4240255,0.1,10,1498,20,40,even
358,29.090909090909093,0.1172331237734143,0.1197644113853587,0.0141159415821382,0.0734035555111922,0.088399500260167,0.1057407479658821,0.1803988337606303,0.0801827903147868,0.1917191999737373,0.0789029374301316,10_sp_aij_15,4240255,0.1,10,1498,20,40,even
359,30.0,0.121694012896233,0.146155740327432,0.0129106174030631,0.0779117546795457,0.1203918419181149,0.11202508830051,0.1504052352964721,0.0977397793798941,0.1776489539246883,0.0828118152117935,10_sp_aij_15,4240255,0.1,10,1498,20,40,even
360,0.0,0.04,0.08,0.09,0.06,0.06,0.06,0.08,0.03,0.02,0.09,10_sp_aij_15,5140131,0.1,10,1498,20,40,even
361,0.6060606060606061,0.0491274280764353,0.0833864252514984,0.0817635306997928,0.0644709130832301,0.0571345972230393,0.0751324796433023,0.0873354890323542,0.0403579373064768,0.0248762016058866,0.0803033981671922,10_sp_aij_15,5140131,0.1,10,1498,20,40,even
362,1.5151515151515151,0.0713608555547077,0.0884445267523474,0.0985343847279926,0.0674837632806077,0.0532803872076714,0.0912203587817766,0.1073919717412397,0.0593085329008532,0.0319785878446094,0.0870370345895593,10_sp_aij_15,5140131,0.1,10,1498,20,40,even
363,2.121212121212121,0.1288249987418604,0.0913450591841777,0.0887100666603173,0.0881541464295305,0.038676550530464,0.0798669374132714,0.1404452241807021,0.0592225011441359,0.0307009780326067,0.0835252481946895,10_sp_aij_15,5140131,0.1,10,1498,20,40,even
364,3.0303030303030303,0.2016918049855854,0.1239338785920228,0.0615277338503227,0.1252250827734114,0.0437684406754491,0.0986817082681029,0.108926614644193,0.0949244844384773,0.0363593307901675,0.0568172579727753,10_sp_aij_15,5140131,0.1,10,1498,20,40,even
365,3.6363636363636367,0.1781727428333729,0.1380101309624749,0.0441517108293837,0.1294463003412951,0.0522131063647469,0.0839089550460326,0.1042272905940278,0.107754852655626,0.0448833129054639,0.0600986238234666,10_sp_aij_15,5140131,0.1,10,1498,20,40,even
366,4.545454545454546,0.1506874861890173,0.1178650037831751,0.0309064854026568,0.128267242210058,0.0680485181147468,0.1012686532470443,0.1174292955969611,0.1640623739725221,0.0679025600739033,0.0551138565904167,10_sp_aij_15,5140131,0.1,10,1498,20,40,even
367,5.151515151515151,0.1296389407008012,0.1029073325834506,0.0301279121363601,0.1366323436053055,0.0826969076573164,0.1227795332364559,0.1156416335757706,0.1575623618593885,0.0754846830957559,0.0465749158081996,10_sp_aij_15,5140131,0.1,10,1498,20,40,even
368,6.0606060606060606,0.1011801814876101,0.1000689849387334,0.0320035960455042,0.1035407997988679,0.0622905139749296,0.119894191274733,0.1422276802619339,0.1467810778934168,0.0920475261748672,0.0446995260904336,10_sp_aij_15,5140131,0.1,10,1498,20,40,even
369,6.666666666666667,0.1350112220747494,0.0905172401988382,0.0323219533991498,0.1056318485225642,0.0549640900642602,0.1474048057681111,0.1652300168859816,0.1504752286039388,0.1069264276452895,0.0452226979496529,10_sp_aij_15,5140131,0.1,10,1498,20,40,even
370,7.575757575757576,0.1149688833156739,0.1021026611171304,0.0221895436417013,0.1210211128214005,0.0596967085269144,0.1513940253631227,0.1697002708053903,0.1308208321555772,0.1328933798768038,0.0459372841140323,10_sp_aij_15,5140131,0.1,10,1498,20,40,even
371,8.181818181818182,0.1730352070910325,0.0926080655163623,0.0224979386113446,0.1289351831292003,0.0692697914324962,0.1753316473901329,0.1676091463489851,0.1462813051095864,0.16632449531868,0.0369976562703723,10_sp_aij_15,5140131,0.1,10,1498,20,40,even
372,9.090909090909092,0.1606139935078081,0.1482797614549715,0.0174340693860364,0.1611123775077617,0.06805995979491,0.1764461866647846,0.2318455173577394,0.1850313953825051,0.1924760867289764,0.0324328201814183,10_sp_aij_15,5140131,0.1,10,1498,20,40,even
373,10.0,0.1479084032126145,0.1390279577358502,0.0139537774884997,0.161143446923196,0.0627462232428299,0.1545378231639041,0.2147866594078254,0.1831268886667167,0.1808392039480574,0.0403663420235871,10_sp_aij_15,5140131,0.1,10,1498,20,40,even
374,10.606060606060606,0.1441592416383383,0.1630321012549185,0.0122242808871735,0.1863474846682322,0.0659365071722784,0.1448653632137789,0.2461997119128106,0.1925503633751844,0.1765907848442449,0.054092121870472,10_sp_aij_15,5140131,0.1,10,1498,20,40,even
375,11.515151515151516,0.1548530487749409,0.184180137164444,0.0114693040725014,0.1535802354913289,0.09426737638533,0.156342659436261,0.2700174280586531,0.1346454389337509,0.2450691950732632,0.0558443900395019,10_sp_aij_15,5140131,0.1,10,1498,20,40,even
376,12.12121212121212,0.1357994847008921,0.1657054637626291,0.0114398233137507,0.1498797736825308,0.1037608114020559,0.1549345882362249,0.27723995101835,0.147951028318956,0.2314297524662646,0.0558492219929054,10_sp_aij_15,5140131,0.1,10,1498,20,40,even
377,13.030303030303031,0.1271450325154296,0.1625929921959698,0.0119259637179372,0.1419759479313046,0.0956046206045668,0.2109217551635858,0.2136566037951878,0.1850392622232341,0.1901155988130188,0.0668332332239311,10_sp_aij_15,5140131,0.1,10,1498,20,40,even
378,13.636363636363637,0.0953719217619552,0.1349537045968329,0.0120226855327988,0.1415854409063388,0.1152275076865454,0.1873538871618604,0.1996403989787149,0.1870322065496691,0.182864410370757,0.046130780819801,10_sp_aij_15,5140131,0.1,10,1498,20,40,even
379,14.545454545454549,0.0889354549526088,0.1553688140227504,0.0095931394354653,0.1453024103324521,0.1310972255545628,0.213789527398868,0.2113693495036083,0.1084131290679864,0.2440144032157228,0.0525856728263391,10_sp_aij_15,5140131,0.1,10,1498,20,40,even
380,15.151515151515152,0.072402180171067,0.1183540791711344,0.0107207312197382,0.1366326188542857,0.1328289935146316,0.2067527482514085,0.2082429381898164,0.1316824738130303,0.2152782293251898,0.0403809933120854,10_sp_aij_15,5140131,0.1,10,1498,20,40,even
381,16.060606060606062,0.0758778317789867,0.1080938354598904,0.0140350978472351,0.1396974993353146,0.1352888929553984,0.2113958339315131,0.2196317219114698,0.1430316555428381,0.2221832617420109,0.0375249751760336,10_sp_aij_15,5140131,0.1,10,1498,20,40,even
382,16.666666666666668,0.0826204636363695,0.1175889276591427,0.0164582228996396,0.1512133535000549,0.1129803287529689,0.2159112778723999,0.1962061734855669,0.1486473610010075,0.1589296172217163,0.0436922253687811,10_sp_aij_15,5140131,0.1,10,1498,20,40,even
383,17.575757575757578,0.0919810713599202,0.1129418017639123,0.0198401150712809,0.1469232843087454,0.0786662963168642,0.1627026778725512,0.311570128707775,0.1662885219887812,0.2027641828402235,0.0644747724350943,10_sp_aij_15,5140131,0.1,10,1498,20,40,even
384,18.181818181818183,0.1194993887352129,0.1276970972592443,0.0193542401358462,0.1411940683718039,0.0782392673892007,0.1759408620317194,0.2209482438481737,0.1416767899496438,0.1723726276703165,0.0674568299363321,10_sp_aij_15,5140131,0.1,10,1498,20,40,even
385,19.09090909090909,0.1232163281183838,0.1374466544778226,0.0181058567767369,0.1606630573194195,0.0792656819409406,0.193441357389227,0.1880475384145248,0.1364073878392842,0.222955593495306,0.0450491596672718,10_sp_aij_15,5140131,0.1,10,1498,20,40,even
386,20.0,0.097781853990101,0.1690585584863973,0.0187002351304223,0.1338765587049031,0.1020270216911161,0.2222604566721708,0.2067525716924504,0.1753574288068538,0.2428336582496159,0.0428552317553948,10_sp_aij_15,5140131,0.1,10,1498,20,40,even
387,20.60606060606061,0.1036760796936525,0.2009210018036995,0.0174150998772305,0.1204148121690018,0.08343695409352,0.2168218489558493,0.2399056451503776,0.1798169928057484,0.2648074807738422,0.0451938216206773,10_sp_aij_15,5140131,0.1,10,1498,20,40,even
388,21.51515151515152,0.1064815053444325,0.1036151553607329,0.0129743008877242,0.1095255368703282,0.0808346934729401,0.169067807930317,0.2215674837264229,0.1623843963114399,0.2046307068231206,0.0414167598666903,10_sp_aij_15,5140131,0.1,10,1498,20,40,even
389,22.12121212121212,0.1163995067146592,0.1098428083109305,0.013772831099718,0.129703003655584,0.0761324195736863,0.1371604984241981,0.176470845921935,0.1472129952825782,0.1938539083786506,0.038200339634474,10_sp_aij_15,5140131,0.1,10,1498,20,40,even
390,23.03030303030303,0.0955514354703792,0.1075097782446264,0.0144817118307097,0.1228041117805065,0.0870661885149675,0.1726324824420251,0.1808817132791163,0.1339918791142507,0.1963260737052583,0.0378945904859861,10_sp_aij_15,5140131,0.1,10,1498,20,40,even
391,23.63636363636364,0.0920886573422522,0.110572477237777,0.0159989447062987,0.1060760989546668,0.1153765348722797,0.1759097685859961,0.2087083491793538,0.1473448435699003,0.2018724441883119,0.0422251736910249,10_sp_aij_15,5140131,0.1,10,1498,20,40,even
392,24.545454545454547,0.1133347747542521,0.1244493341619708,0.0178891586129401,0.1149085699500083,0.1034546849709715,0.2209202320646691,0.2193894832699109,0.1405313650563146,0.196349032788894,0.0375640296968015,10_sp_aij_15,5140131,0.1,10,1498,20,40,even
393,25.151515151515152,0.1135557874464496,0.104323817765618,0.0162834528252927,0.1260533805417523,0.089494608660154,0.1969407164356982,0.2374239644013526,0.1456886198111114,0.1542707231821542,0.0397503487845908,10_sp_aij_15,5140131,0.1,10,1498,20,40,even
394,26.060606060606062,0.0990364562265996,0.0937551895486764,0.0161539259901154,0.1145291667715274,0.1031992806979326,0.1922304093001365,0.2317251700290021,0.1358119565533974,0.2327514263334084,0.0426065756962616,10_sp_aij_15,5140131,0.1,10,1498,20,40,even
395,26.666666666666668,0.1267673924172625,0.0781564379870404,0.0197682033425249,0.118312159493855,0.0964708436207795,0.1712780316716823,0.2185361650188531,0.1379624998045062,0.2102130128885774,0.0474119408566039,10_sp_aij_15,5140131,0.1,10,1498,20,40,even
396,27.575757575757574,0.0960684208026186,0.0732298417172642,0.0199607740871479,0.1078996115514725,0.1030892458248822,0.2162712667089488,0.1751204246407641,0.1656271264412967,0.2241566492099284,0.059987600465302,10_sp_aij_15,5140131,0.1,10,1498,20,40,even
397,28.181818181818183,0.1087788632957139,0.0804888570913534,0.0186594512179919,0.090218267631102,0.0916413361983972,0.1767692359975941,0.1291466273675817,0.132291112505185,0.2411886390774529,0.0637512404789553,10_sp_aij_15,5140131,0.1,10,1498,20,40,even
398,29.090909090909093,0.1076555811402111,0.1034598603738725,0.0194698078402819,0.0849231583245447,0.1027011517903481,0.1917642350887392,0.192526670529884,0.1247839556724767,0.1937352331526921,0.0740225870014181,10_sp_aij_15,5140131,0.1,10,1498,20,40,even
399,30.0,0.1356047456481967,0.1226920401026355,0.0180962860761377,0.0834874669262371,0.1010617970174913,0.1513507196645606,0.2106252713839929,0.126195106531964,0.1622795311208035,0.0728141839111922,10_sp_aij_15,5140131,0.1,10,1498,20,40,even
400,0.0,0.04,0.07,0.02,0.04,0.03,0.03,0.07,0.06,0.01,0.03,10_sp_aij_15,5576645,0.1,10,1498,20,40,even
401,0.6060606060606061,0.0433454426019448,0.0726942934646542,0.0163113621172406,0.0572817959549538,0.0368446890295903,0.0414113251908683,0.0921386042722409,0.0807949676453022,0.0120581148446581,0.0304404692696331,10_sp_aij_15,5576645,0.1,10,1498,20,40,even
402,1.5151515151515151,0.0769206695130815,0.0733207669009568,0.016210368979147,0.0782694737391444,0.0394271073810622,0.0471244499725638,0.1077085801263508,0.0991115172179592,0.0128576583894355,0.038712569577007,10_sp_aij_15,5576645,0.1,10,1498,20,40,even
403,2.121212121212121,0.0848973078875885,0.085770170352474,0.0158766205226387,0.0894681588803849,0.0463790145166715,0.0603032418952073,0.0959492098347644,0.1198105908474975,0.0132565901890032,0.0452726610418305,10_sp_aij_15,5576645,0.1,10,1498,20,40,even
404,3.0303030303030303,0.0859196885893531,0.0870193494371617,0.0143178899956665,0.09346588506016,0.0591569914269488,0.0846670291507308,0.1105833655988798,0.1049685156364936,0.0217583387804584,0.0540059355870437,10_sp_aij_15,5576645,0.1,10,1498,20,40,even
405,3.6363636363636367,0.1092296841391769,0.0983169447899246,0.0119437521457877,0.0982677380895168,0.0540106228392399,0.0980490638817138,0.1185552891622285,0.0799536187950985,0.0276628407505071,0.0507906578200359,10_sp_aij_15,5576645,0.1,10,1498,20,40,even
406,4.545454545454546,0.1266617176573362,0.0894226204837897,0.0081623109250472,0.0993774987237484,0.0653302166679518,0.1234192186748336,0.1168129855080011,0.0989624747269433,0.0311985642257845,0.0586573073654188,10_sp_aij_15,5576645,0.1,10,1498,20,40,even
407,5.151515151515151,0.1366805287334792,0.091556372919962,0.006988238918647,0.1077490885047197,0.056826294009242,0.1168954632839172,0.1312453721121483,0.0876067969553209,0.0463803102288469,0.0507871748410222,10_sp_aij_15,5576645,0.1,10,1498,20,40,even
408,6.0606060606060606,0.1136303786964781,0.0953131723070521,0.0074016813979345,0.1310906854194221,0.0645274958913875,0.1294963531037675,0.1259246443584825,0.078677040083627,0.067603107277656,0.0554469564784162,10_sp_aij_15,5576645,0.1,10,1498,20,40,even
409,6.666666666666667,0.1146299616467564,0.0858250022695937,0.0070658454245733,0.1422702727915858,0.0539557006426187,0.1322048075741901,0.1557188089192124,0.1050036898416453,0.074173302049468,0.0700279535349064,10_sp_aij_15,5576645,0.1,10,1498,20,40,even
410,7.575757575757576,0.1305898961711324,0.0759457431075641,0.006705364012498,0.1149285333362653,0.0738228443718618,0.17966107026562,0.1591649590794391,0.1444272635739613,0.0977141895461663,0.0759947190787236,10_sp_aij_15,5576645,0.1,10,1498,20,40,even
411,8.181818181818182,0.1366008200814335,0.0700460829773326,0.0082265727772587,0.1103439529950626,0.0681496585818967,0.1680241047899439,0.196679962345587,0.144693159564173,0.1097103357346885,0.0792788400042808,10_sp_aij_15,5576645,0.1,10,1498,20,40,even
412,9.090909090909092,0.1370734582977365,0.0938970794737405,0.0106044311902276,0.1245299975000997,0.0741834089942686,0.1500001050679413,0.1872968246801033,0.1440878829003329,0.1278026002314589,0.0772792241393149,10_sp_aij_15,5576645,0.1,10,1498,20,40,even
413,10.0,0.1329407054155835,0.142388698437194,0.0105241876609582,0.1216232754963353,0.0777741761202823,0.1487497127616672,0.2069058157780988,0.1775591269465752,0.1669591683542539,0.0948584216618782,10_sp_aij_15,5576645,0.1,10,1498,20,40,even
414,10.606060606060606,0.1165269515389932,0.1471237334960272,0.0102703731578132,0.1073577688348249,0.0798336932907692,0.1487912284071183,0.1796467812786759,0.1772539133034725,0.1819567840471621,0.1048692396599985,10_sp_aij_15,5576645,0.1,10,1498,20,40,even
415,11.515151515151516,0.1065382730164131,0.1662245496073157,0.0117946335644627,0.1177222399770019,0.0767059016359905,0.1985322845184862,0.1687835130103636,0.1518327114352922,0.226154025202135,0.1041886220070775,10_sp_aij_15,5576645,0.1,10,1498,20,40,even
416,12.12121212121212,0.1205885927991967,0.160575442832125,0.0138193154014774,0.1028392679456051,0.0729288799493607,0.1698876506339578,0.152570102988605,0.1383660312317098,0.2059899421173925,0.0967016511658813,10_sp_aij_15,5576645,0.1,10,1498,20,40,even
417,13.030303030303031,0.1220016730611876,0.1272478687853859,0.0126602558285891,0.0895448527931372,0.0855880821159151,0.1634976312666288,0.1507418517409276,0.1464826038001387,0.1943737951367707,0.0767876369266261,10_sp_aij_15,5576645,0.1,10,1498,20,40,even
418,13.636363636363637,0.1195892827616406,0.1237043012603286,0.0125631561077738,0.0943378992840943,0.1120131195207299,0.1714820913898251,0.1913158700367012,0.1157290541893293,0.1652355384150406,0.0645961318337185,10_sp_aij_15,5576645,0.1,10,1498,20,40,even
419,14.545454545454549,0.1202760506589863,0.1289006361895714,0.0145248123552909,0.0822113255489004,0.0797991672354179,0.1786068817621273,0.2305299528626243,0.1189877770714807,0.1869753841036634,0.0613504316719472,10_sp_aij_15,5576645,0.1,10,1498,20,40,even
420,15.151515151515152,0.1187343617123664,0.1184944827756516,0.0159730810727056,0.1033019055837709,0.0685104390632192,0.1939781473096319,0.2695896723836233,0.1158056979004746,0.2062696221699057,0.0576509340127564,10_sp_aij_15,5576645,0.1,10,1498,20,40,even
421,16.060606060606062,0.1335058279499077,0.1088678896005854,0.0166853067387333,0.115482595539745,0.0794647024446989,0.1701940057477448,0.2454200278691144,0.0922365082335214,0.2481013345260129,0.0506351912115843,10_sp_aij_15,5576645,0.1,10,1498,20,40,even
422,16.666666666666668,0.140465674397261,0.1119761700751948,0.0207912438648415,0.1128267523487558,0.0832126796671856,0.1767762941999033,0.2535134748607017,0.0949987707980793,0.1940016369214037,0.0733511912926262,10_sp_aij_15,5576645,0.1,10,1498,20,40,even
423,17.575757575757578,0.113718462079959,0.1041567705231493,0.0227518253446031,0.1464970019919924,0.0880870881058337,0.1778467097438675,0.2772700936108294,0.0888954716143937,0.1413739706605729,0.0853588764428089,10_sp_aij_15,5576645,0.1,10,1498,20,40,even
424,18.181818181818183,0.1174492869852388,0.1104825044169539,0.0162468552000488,0.1563962489906299,0.0911833061381596,0.1669307225603576,0.237340471064584,0.0749447921211288,0.1650228267652229,0.0947255125435526,10_sp_aij_15,5576645,0.1,10,1498,20,40,even
425,19.09090909090909,0.1053987907075757,0.0979596465103958,0.0104561891439128,0.1479963972079661,0.0995414145879448,0.1728600336595822,0.1695792950001625,0.0951787869048349,0.1635444480168408,0.1047354893271052,10_sp_aij_15,5576645,0.1,10,1498,20,40,even
426,20.0,0.1111822190219606,0.1071955167518478,0.0102527977006042,0.1199500179924789,0.0675959685386375,0.1979881426837358,0.1957307013329908,0.1063798948939822,0.2148702776618009,0.0955811608285987,10_sp_aij_15,5576645,0.1,10,1498,20,40,even
427,20.60606060606061,0.116762759664164,0.124351934740965,0.0136082295030827,0.1044428869721548,0.078266478161724,0.1792112867125286,0.2169417998230011,0.134214673643306,0.2117109548800266,0.0747172410861004,10_sp_aij_15,5576645,0.1,10,1498,20,40,even
428,21.51515151515152,0.1168130141165102,0.1170765539191917,0.0124980205823155,0.1182017744762221,0.0760644305480452,0.1805017974055944,0.1924216220286873,0.1513288667457453,0.1901061094431554,0.0722494624895177,10_sp_aij_15,5576645,0.1,10,1498,20,40,even
429,22.12121212121212,0.1306318443230868,0.0870456062993194,0.0125520410572321,0.1246973001699339,0.0861229742210455,0.1496913569597852,0.2152534898031819,0.1742053333313713,0.1466859798378866,0.0579312360356859,10_sp_aij_15,5576645,0.1,10,1498,20,40,even
430,23.03030303030303,0.1288818091970097,0.075283639458316,0.0139952458048277,0.1219861436894865,0.1032052121030997,0.1895582807919676,0.2419558483031209,0.1231979022138195,0.1486371509815437,0.0537406072406289,10_sp_aij_15,5576645,0.1,10,1498,20,40,even
431,23.63636363636364,0.1183722548238935,0.0889638760943506,0.0148931931159115,0.1325322888613618,0.0957550650300449,0.2157110535379068,0.2367355228852424,0.1481526203063198,0.1509552786091117,0.0576971473185344,10_sp_aij_15,5576645,0.1,10,1498,20,40,even
432,24.545454545454547,0.1323962839926408,0.0966763882318787,0.012432003833686,0.1213671976043439,0.1077697790362594,0.197039447383253,0.2079438611458565,0.1308620755801892,0.20721473421633,0.0374904208783201,10_sp_aij_15,5576645,0.1,10,1498,20,40,even
433,25.151515151515152,0.1090375694367651,0.1026673692920988,0.0149117926418137,0.1091879967689997,0.0834651467527267,0.1742166219225814,0.1765777568708205,0.1361778403443255,0.2272884479819805,0.0344746713943908,10_sp_aij_15,5576645,0.1,10,1498,20,40,even
434,26.060606060606062,0.1164191618088294,0.1011891718239516,0.0148666487768137,0.0969040673382432,0.1112792291442851,0.1384784196966642,0.1990434431614903,0.1253696246421147,0.2047546956072578,0.0442548021406947,10_sp_aij_15,5576645,0.1,10,1498,20,40,even
435,26.666666666666668,0.1141809059447573,0.1219281799836552,0.0143626670930386,0.1009006878731924,0.084730536304949,0.1626221959763773,0.2080560902420237,0.1286764315613544,0.1975003937175571,0.0488685407926871,10_sp_aij_15,5576645,0.1,10,1498,20,40,even
436,27.575757575757574,0.1267223966955355,0.1213329616533673,0.0134192311749769,0.1209009638750359,0.0992884596100048,0.1708013800078823,0.1920932266092056,0.1410721847314467,0.1886234833414073,0.0331504673013471,10_sp_aij_15,5576645,0.1,10,1498,20,40,even
437,28.181818181818183,0.1174250239852895,0.1375323619992375,0.0121130993897997,0.1259644871565871,0.0937499247016622,0.1922562401150225,0.1532234062606681,0.1503906183938159,0.1824772097001624,0.0353191259737492,10_sp_aij_15,5576645,0.1,10,1498,20,40,even
438,29.090909090909093,0.1153013743551761,0.1077130306310029,0.0151701944759606,0.1100376036683363,0.0886287584994932,0.2026321966871971,0.1904335048115432,0.1447756761510932,0.152095268663314,0.0498824797126002,10_sp_aij_15,5576645,0.1,10,1498,20,40,even
439,30.0,0.1157422002803692,0.1341100761401207,0.0125388990782341,0.1118409605562047,0.074754224181979,0.1828753884575433,0.1642643727135684,0.1086190983714379,0.1639109131839874,0.0419370052205995,10_sp_aij_15,5576645,0.1,10,1498,20,40,even
440,0.0,0.04,0.03,0.01,0.02,0.09,0.04,0.09,0.09,0.05,0.03,10_sp_aij_15,5589942,0.1,10,1498,20,40,even
441,0.6060606060606061,0.0571518954813812,0.0305967640919579,0.0098012395614102,0.018706894372901,0.0810841676927858,0.0494832713490507,0.082305484708808,0.0914047620477582,0.0725605668402942,0.0292946040921542,10_sp_aij_15,5589942,0.1,10,1498,20,40,even
442,1.5151515151515151,0.0560948605242349,0.0347838672758885,0.0123936768945777,0.0237266861548306,0.0896356026493467,0.0494555679321093,0.0884113959384275,0.1137555461234209,0.0768908035676399,0.03156647957875,10_sp_aij_15,5589942,0.1,10,1498,20,40,even
443,2.121212121212121,0.0739827368346322,0.0315017691736079,0.0133022746170009,0.0329234134597952,0.0810172329481031,0.0532757432340829,0.0732355951026568,0.1159076039501705,0.0914447625167251,0.0343134547759993,10_sp_aij_15,5589942,0.1,10,1498,20,40,even
444,3.0303030303030303,0.0898254357876591,0.0463226139941451,0.0158723858426197,0.0285522743329054,0.0809627919698218,0.069157413598309,0.0836946291779926,0.1107318198451338,0.0904901802423146,0.0429925903609253,10_sp_aij_15,5589942,0.1,10,1498,20,40,even
445,3.6363636363636367,0.1386040146908327,0.0558014647421257,0.0153686740022151,0.0251823028816779,0.0738112065466813,0.0806224090149929,0.0950681273361063,0.1091574866549292,0.0953981157640203,0.0457640080480273,10_sp_aij_15,5589942,0.1,10,1498,20,40,even
446,4.545454545454546,0.1344640775555388,0.0792729173932888,0.0113934877330742,0.0290987613616363,0.0645596883468762,0.1234268536669725,0.1140341729163368,0.1017044689952553,0.1255949652967604,0.0457855954699837,10_sp_aij_15,5589942,0.1,10,1498,20,40,even
447,5.151515151515151,0.132761065633527,0.0587066793907804,0.0109388860680045,0.0318938232490769,0.059057273471814,0.0942280019751817,0.1304996271069367,0.104137863383192,0.1024562205337625,0.0507082564234441,10_sp_aij_15,5589942,0.1,10,1498,20,40,even
448,6.0606060606060606,0.106627486517725,0.0665166944218058,0.0116948615928528,0.0359982482353342,0.0614584504908308,0.1088203319112687,0.1864350952549902,0.1082615399768657,0.1120196515787376,0.0373611849877644,10_sp_aij_15,5589942,0.1,10,1498,20,40,even
449,6.666666666666667,0.0936881950745029,0.063208336612357,0.0113975954782267,0.0441805479776654,0.06091143416323,0.0888000382086963,0.161336759899767,0.0921560044194676,0.1145790429428883,0.0335357794532685,10_sp_aij_15,5589942,0.1,10,1498,20,40,even
450,7.575757575757576,0.122344967064747,0.0610266695690603,0.0104323114833002,0.0502993233008447,0.0666980417189292,0.1218557105282096,0.1470441609143465,0.1056175491369634,0.0909889934801536,0.0398899759105957,10_sp_aij_15,5589942,0.1,10,1498,20,40,even
451,8.181818181818182,0.1225291202773976,0.0711386743773155,0.0086645888466314,0.0632886532029771,0.0629773359602665,0.1266299057623736,0.1577176773443397,0.107450811837654,0.1285648813026252,0.0368968315740582,10_sp_aij_15,5589942,0.1,10,1498,20,40,even
452,9.090909090909092,0.1542447362662984,0.096943020442824,0.00936723340137,0.0799735407716116,0.0560202344760726,0.1526881542163844,0.1549605135082301,0.1107880708099433,0.1385818099185431,0.0368728321176604,10_sp_aij_15,5589942,0.1,10,1498,20,40,even
453,10.0,0.1364506129663192,0.1167871110924617,0.0109197051228158,0.1028987495852622,0.0544629721321052,0.1522296945429046,0.1335104902535598,0.1127966077414261,0.1531037300344665,0.0362506199485381,10_sp_aij_15,5589942,0.1,10,1498,20,40,even
454,10.606060606060606,0.1410464275059394,0.1050947225179262,0.0117758959296778,0.1109553423352023,0.0780094972844169,0.1630804146422264,0.1346013881762838,0.1002522495016154,0.1753448685516101,0.0300071324817569,10_sp_aij_15,5589942,0.1,10,1498,20,40,even
455,11.515151515151516,0.1147297028894122,0.1351329881931551,0.011521638100856,0.1102563092313573,0.0808891850825269,0.1926744418001115,0.1275879037769853,0.0994806946184718,0.1598050779112644,0.0380891201766135,10_sp_aij_15,5589942,0.1,10,1498,20,40,even
456,12.12121212121212,0.1142661715431287,0.1358366174341964,0.011705702174926,0.0897701590701958,0.0871686367030394,0.171015576012175,0.1263725682918689,0.1248548622424823,0.1551116364762061,0.049582822200111,10_sp_aij_15,5589942,0.1,10,1498,20,40,even
457,13.030303030303031,0.0992124296110988,0.1325650962168246,0.0133826100709427,0.1033534074866821,0.09274533521717,0.145945005591096,0.1617496778234426,0.1467664709115509,0.1874945532008176,0.044737830344702,10_sp_aij_15,5589942,0.1,10,1498,20,40,even
458,13.636363636363637,0.0910412526465349,0.0957790496324398,0.0116804993218015,0.1068892691604975,0.0873182460270244,0.1511404077091371,0.1820630318418638,0.136199489239925,0.181805873250663,0.0423370639521369,10_sp_aij_15,5589942,0.1,10,1498,20,40,even
459,14.545454545454549,0.1027262710848641,0.0904322194597559,0.0096026316583722,0.1162841505353503,0.1025869239976488,0.1968571958915032,0.169397421059153,0.1453665326710857,0.1987312700889477,0.0445085200396894,10_sp_aij_15,5589942,0.1,10,1498,20,40,even
460,15.151515151515152,0.0942094767796026,0.0928338603228617,0.0138603173439185,0.1373857735115324,0.1073932180742312,0.1782995560025548,0.2047515437915311,0.1648849543418395,0.2464398930723767,0.0405950661681343,10_sp_aij_15,5589942,0.1,10,1498,20,40,even
461,16.060606060606062,0.0881083403437021,0.090306678621087,0.0174905836492636,0.1443244298810646,0.0870457739430786,0.1808874601646637,0.2157945391361225,0.1117606937053826,0.2772207821379293,0.0449085586836758,10_sp_aij_15,5589942,0.1,10,1498,20,40,even
462,16.666666666666668,0.0900136158717112,0.0793343695317927,0.0204549403678889,0.1208124436793214,0.0919537240278473,0.1794711307653965,0.2857754902155458,0.0993751148277602,0.2612492547814631,0.0482962619107952,10_sp_aij_15,5589942,0.1,10,1498,20,40,even
463,17.575757575757578,0.1115820155704078,0.0709424210484145,0.0274433157566093,0.0953993817436776,0.0824025391922564,0.2511006572282689,0.2712509606977011,0.0915984372080677,0.2668607956251252,0.0537273130085083,10_sp_aij_15,5589942,0.1,10,1498,20,40,even
464,18.181818181818183,0.139646184027111,0.0880839232816679,0.0254856614371816,0.1049117159696516,0.0565509418442354,0.1939789460338807,0.2513283351199805,0.103917805960031,0.2508410792444434,0.0548928192821414,10_sp_aij_15,5589942,0.1,10,1498,20,40,even
465,19.09090909090909,0.1782492591998756,0.0991867643124215,0.0280369205562765,0.0949967848206057,0.0681519755125414,0.1684173047944719,0.3088359449739503,0.0983582578092689,0.2690279476744515,0.054812388850181,10_sp_aij_15,5589942,0.1,10,1498,20,40,even
466,20.0,0.1977864537559078,0.1427995904031145,0.0222431665948388,0.1017746860101574,0.0678264438228019,0.1999428529557403,0.2989730432652826,0.0787428393831178,0.1852206757371809,0.05802846746934,10_sp_aij_15,5589942,0.1,10,1498,20,40,even
467,20.60606060606061,0.1689707076313623,0.1244697210077843,0.0227222127969714,0.1135652630117482,0.0903220471197503,0.206375259347717,0.2644970691446806,0.0702494727901984,0.1537837142802247,0.0565034766897975,10_sp_aij_15,5589942,0.1,10,1498,20,40,even
468,21.51515151515152,0.1371813014677297,0.1105972105599656,0.0192770629479658,0.1165422254281205,0.1114816334739092,0.1722085912199043,0.1948273379644199,0.0772949636123627,0.163343022602227,0.0529041005246388,10_sp_aij_15,5589942,0.1,10,1498,20,40,even
469,22.12121212121212,0.1387670999389888,0.0993964595788148,0.0219887827941608,0.1260389585535718,0.1125239021604117,0.1503930341148422,0.2076378666784326,0.0844441030014628,0.2250548292800921,0.0587709263153551,10_sp_aij_15,5589942,0.1,10,1498,20,40,even
470,23.03030303030303,0.1160634988046714,0.1084274258685662,0.030155323706559,0.0891175689825176,0.0997089287044964,0.1935689370594853,0.2042879820188425,0.0924308026360543,0.1886771444855922,0.0635896932429567,10_sp_aij_15,5589942,0.1,10,1498,20,40,even
471,23.63636363636364,0.1207803575896074,0.1199325236783201,0.0306126089927508,0.0868531574209899,0.0962335020861738,0.20606490756225,0.2359557707380892,0.084917873824121,0.2064585725038703,0.0768963853173588,10_sp_aij_15,5589942,0.1,10,1498,20,40,even
472,24.545454545454547,0.1184458476450733,0.1438834108785268,0.0345188974522716,0.1015280615369658,0.1076550112540589,0.182567746187823,0.1910599099202299,0.0768975174409583,0.2078381772604963,0.0724248105474744,10_sp_aij_15,5589942,0.1,10,1498,20,40,even
473,25.151515151515152,0.1568880813944871,0.1291507350275104,0.0342400369232746,0.0925405225441405,0.1132395891627393,0.1632974343878934,0.183326866496166,0.0912213185374032,0.1788662108075582,0.0862539020784222,10_sp_aij_15,5589942,0.1,10,1498,20,40,even
474,26.060606060606062,0.1155507906287967,0.1157346621965593,0.0315928090668534,0.0863980494680008,0.1106819558771713,0.126162033666831,0.2243491010394876,0.0998010137752048,0.1998603568474856,0.06675282013961,10_sp_aij_15,5589942,0.1,10,1498,20,40,even
475,26.666666666666668,0.1153063755376396,0.1331198822301425,0.0359040068848277,0.0851472444932094,0.1040102079587983,0.1169027310931612,0.1833934035892199,0.0966731058753744,0.2458988066145022,0.0490513664546751,10_sp_aij_15,5589942,0.1,10,1498,20,40,even
476,27.575757575757574,0.1275541313180808,0.1575167713110262,0.0268511382148383,0.080396352039119,0.1271031252207623,0.1312328147498227,0.1807757841804853,0.0845352982960575,0.2385437379370258,0.0602799647009665,10_sp_aij_15,5589942,0.1,10,1498,20,40,even
477,28.181818181818183,0.1348839281793682,0.1315372556886282,0.0223626105743763,0.0922732031747206,0.1385128268322116,0.1129794971057081,0.1790938598770386,0.0988391742539708,0.263685414382928,0.0581382716161889,10_sp_aij_15,5589942,0.1,10,1498,20,40,even
478,29.090909090909093,0.1318202765232946,0.1240114433142623,0.022380939813162,0.0768015378864169,0.1274042503483261,0.1045619499200604,0.1604961728233144,0.0831296341981221,0.1416843564056661,0.0700655041707515,10_sp_aij_15,5589942,0.1,10,1498,20,40,even
479,30.0,0.1518872744040424,0.1021862779679963,0.0186923659402626,0.0756927994171338,0.1078264785092875,0.0895974203637932,0.1594573068012242,0.1184833091619702,0.168932404541084,0.0728006107166954,10_sp_aij_15,5589942,0.1,10,1498,20,40,even
480,0.0,0.09,0.04,0.07,0.05,0.06,0.03,0.03,0.06,0.06,0.05,10_sp_aij_15,8493390,0.1,10,1498,20,40,even
481,0.6060606060606061,0.0936269614990345,0.0360268819596074,0.0595980615914477,0.0624482424090425,0.0440130261701981,0.0352620321955094,0.03160898166578,0.0929257227399261,0.0728407472038868,0.0492141159371947,10_sp_aij_15,8493390,0.1,10,1498,20,40,even
482,1.5151515151515151,0.0926898656227523,0.0488625717472263,0.0502672559350632,0.0726949993085992,0.0439178853062402,0.0509603261527439,0.0302180618165521,0.1246021028834005,0.0746664658953889,0.0591046033733234,10_sp_aij_15,8493390,0.1,10,1498,20,40,even
483,2.121212121212121,0.1048992492057707,0.0610343038087613,0.0483495502884847,0.0708455944884161,0.0526889481320052,0.0707044867875589,0.0448173243743817,0.1691118185836771,0.0782015361887247,0.060126397045701,10_sp_aij_15,8493390,0.1,10,1498,20,40,even
484,3.0303030303030303,0.1471375417833954,0.0696144287915476,0.0439700527035703,0.0721795311498357,0.0417351653911426,0.0839213521847372,0.0485569444937847,0.1833697463436083,0.0826615727916602,0.0533477845673687,10_sp_aij_15,8493390,0.1,10,1498,20,40,even
485,3.6363636363636367,0.1607866997377816,0.0997336793038909,0.0522767143503287,0.0863862186382772,0.0434166344882292,0.0917395205352689,0.0501024721622288,0.1745442940401672,0.0708349594997825,0.0639527182987813,10_sp_aij_15,8493390,0.1,10,1498,20,40,even
486,4.545454545454546,0.1644073867623059,0.1118565801382539,0.0377159670228992,0.1016001025200729,0.0466602552969099,0.1367393999799473,0.0677595724855036,0.200183320191223,0.1058262721072033,0.0670139535308874,10_sp_aij_15,8493390,0.1,10,1498,20,40,even
487,5.151515151515151,0.1666809751332663,0.1318526593474424,0.0367983540183216,0.1079365244580104,0.0497809287468967,0.1349039082750162,0.0717363032824421,0.1879191680695371,0.0891524257980879,0.0678629420708,10_sp_aij_15,8493390,0.1,10,1498,20,40,even
488,6.0606060606060606,0.1395986816731591,0.1540006958165209,0.0296158792632967,0.1078708126114617,0.041875294181736,0.1410299675550707,0.1017274201431363,0.2005078293431303,0.1035943788728891,0.0609318614418099,10_sp_aij_15,8493390,0.1,10,1498,20,40,even
489,6.666666666666667,0.1151866978800488,0.1623648500089871,0.024740872618056,0.139921285640664,0.0403513661342142,0.1453814340039134,0.129354409494929,0.1545038470345011,0.1121507485061326,0.0636751226577609,10_sp_aij_15,8493390,0.1,10,1498,20,40,even
490,7.575757575757576,0.1199513971858125,0.1243952009529042,0.0221178637441469,0.097724941538997,0.0505225774279248,0.1227110437522121,0.1263440260073046,0.1270837931871311,0.1534973731135646,0.0607223297927461,10_sp_aij_15,8493390,0.1,10,1498,20,40,even
491,8.181818181818182,0.1284444128518914,0.1282968632362033,0.0219087425610297,0.1363090980849896,0.0519394949740783,0.1181226937315629,0.1408523428159775,0.1354517080722164,0.1734699972040063,0.0823016379341833,10_sp_aij_15,8493390,0.1,10,1498,20,40,even
492,9.090909090909092,0.1166957826430853,0.1424727416814648,0.0245399354684071,0.1147835262482192,0.0624196839232544,0.1006047477422922,0.1226374698046775,0.1383525316052791,0.1738295450118013,0.0934142680305702,10_sp_aij_15,8493390,0.1,10,1498,20,40,even
493,10.0,0.092845946658081,0.1299066758335972,0.0177162621170487,0.0973157511965457,0.0751882526143332,0.1214114045597914,0.1246102446877668,0.1846123624467085,0.185493026988443,0.125388110051194,10_sp_aij_15,8493390,0.1,10,1498,20,40,even
494,10.606060606060606,0.0796933803151262,0.128353374950483,0.0163542616832075,0.0888245172532022,0.0779838597709598,0.1099240738301075,0.1100181527831889,0.209819456766146,0.1730884495100039,0.119963823433362,10_sp_aij_15,8493390,0.1,10,1498,20,40,even
495,11.515151515151516,0.0902429472476943,0.1198670598177317,0.0163684307202807,0.0826408165470517,0.0809495164696213,0.1308348452052871,0.1045124702075094,0.1839259526022432,0.1687093548254764,0.1074194303617045,10_sp_aij_15,8493390,0.1,10,1498,20,40,even
496,12.12121212121212,0.1085725612351204,0.1105704271673826,0.0154726978975076,0.0802054909309739,0.0741256278632418,0.1194127364281887,0.1046319774997334,0.1600432775525684,0.1804055320856623,0.0701422810159256,10_sp_aij_15,8493390,0.1,10,1498,20,40,even
497,13.030303030303031,0.1157291342250756,0.114661880421205,0.0142359528820362,0.0908507921683673,0.1199461438392056,0.0983455998088174,0.1226673012095945,0.1783148364680154,0.1473768178853121,0.0739399765608055,10_sp_aij_15,8493390,0.1,10,1498,20,40,even
498,13.636363636363637,0.1163581423671453,0.1306818370036309,0.0131543629780108,0.09095320834999,0.1016853975975605,0.112497832465841,0.1251952248500463,0.1488133243962665,0.189206883470591,0.0909749457898455,10_sp_aij_15,8493390,0.1,10,1498,20,40,even
499,14.545454545454549,0.1008650626473014,0.1329178515193033,0.0154028001175906,0.1089039583570116,0.1191967644535703,0.0989889217705022,0.1125761783818234,0.1420227523942577,0.2175084417920759,0.1042727203496904,10_sp_aij_15,8493390,0.1,10,1498,20,40,even
500,15.151515151515152,0.0872603027394863,0.1442570106938988,0.0213243740491623,0.1053757729181773,0.0912368612253704,0.1022400626557624,0.1133007496842365,0.128015789977735,0.2166407222630348,0.1012109091894086,10_sp_aij_15,8493390,0.1,10,1498,20,40,even
501,16.060606060606062,0.0810928333915667,0.0973229688218016,0.0254644699850686,0.0853782662132186,0.108910855362383,0.1015606356824936,0.1041239012181652,0.1078765158505059,0.1718420471866443,0.0993209256274765,10_sp_aij_15,8493390,0.1,10,1498,20,40,even
502,16.666666666666668,0.0567513197590009,0.0944870220692487,0.0296858147582809,0.0764805458637536,0.105843428419549,0.1134502025752422,0.1296032493442003,0.1238779423993503,0.21286365332473,0.1013161966380126,10_sp_aij_15,8493390,0.1,10,1498,20,40,even
503,17.575757575757578,0.0552232847328412,0.0990647832364272,0.03147165589086,0.0953638429817145,0.1212546477263346,0.1185013053950159,0.1306813825191973,0.1280104143318428,0.1316000615801041,0.0660224738673275,10_sp_aij_15,8493390,0.1,10,1498,20,40,even
504,18.181818181818183,0.0533254505929142,0.0826140207523688,0.0282997689412316,0.0995199577703125,0.1159254455433417,0.1345515101096603,0.1176572486474481,0.1545652179948233,0.1405346317929511,0.0655569953125458,10_sp_aij_15,8493390,0.1,10,1498,20,40,even
505,19.09090909090909,0.0613329917285082,0.0890087937159992,0.0299690134610783,0.1367739643263839,0.0951881858976123,0.155808786560017,0.1307335019359305,0.1377290045381977,0.1255220282963167,0.0721984716805839,10_sp_aij_15,8493390,0.1,10,1498,20,40,even
506,20.0,0.0664959778621411,0.1218931765366999,0.0359604893400955,0.1382812036653007,0.0838144685795289,0.1928321014294245,0.1164224857674574,0.1570998922257666,0.1945622571697542,0.0709175194009866,10_sp_aij_15,8493390,0.1,10,1498,20,40,even
507,20.60606060606061,0.0881751980012992,0.115601253287762,0.0308474404923304,0.1027951078051758,0.0746365069467167,0.1753279205718209,0.1484933473598623,0.1406617330611616,0.1910466158477612,0.0544976061045264,10_sp_aij_15,8493390,0.1,10,1498,20,40,even
508,21.51515151515152,0.1267416610873211,0.095469377151145,0.037191305264843,0.119697149692774,0.0866272356004212,0.1905169017412715,0.1303332647914335,0.155191671156934,0.1796159196826921,0.0505262027937932,10_sp_aij_15,8493390,0.1,10,1498,20,40,even
509,22.12121212121212,0.1236851591487686,0.1020190913245266,0.0496731550532667,0.1248471833878837,0.0940056230308043,0.2131988121881878,0.1539913572350645,0.1596238812384611,0.2102921616345736,0.0518812284275426,10_sp_aij_15,8493390,0.1,10,1498,20,40,even
510,23.03030303030303,0.0862017717667399,0.1106999573548328,0.04925158962992,0.0855110095213055,0.088096536745819,0.1526089719628979,0.1774881488447804,0.1463854883841268,0.2009056468660978,0.0583832090719253,10_sp_aij_15,8493390,0.1,10,1498,20,40,even
511,23.63636363636364,0.0886320902297262,0.1163770298128108,0.0513727623634504,0.0928348719090081,0.0731992823413064,0.1521784936077488,0.1682505443687246,0.1207422333120917,0.1843935306765705,0.0547816356008136,10_sp_aij_15,8493390,0.1,10,1498,20,40,even
512,24.545454545454547,0.1421859425406644,0.1135482184729488,0.0429855838081261,0.0728711683673324,0.0970943467291017,0.1763059107159562,0.263460836814991,0.1085573249497826,0.134760564356889,0.0558643233535043,10_sp_aij_15,8493390,0.1,10,1498,20,40,even
513,25.151515151515152,0.1249161243908094,0.1141017314908248,0.0482134636782574,0.0812221513968102,0.1202560534661256,0.1803475875613447,0.2137268369737639,0.106213266025823,0.1213491295699595,0.0589472578238543,10_sp_aij_15,8493390,0.1,10,1498,20,40,even
514,26.060606060606062,0.1130289331836241,0.0765267723627302,0.0293951314026756,0.0930943443084164,0.0833428597118272,0.1935855712940469,0.2018113064746425,0.0817566885503728,0.1553235988419268,0.0663053423468709,10_sp_aij_15,8493390,0.1,10,1498,20,40,even
515,26.666666666666668,0.1159001184725525,0.0723721023116971,0.0290872902871402,0.1154189913980452,0.0731387955070565,0.1429194050830909,0.2267222087536964,0.0930144203611781,0.250813045795453,0.0799729789204192,10_sp_aij_15,8493390,0.1,10,1498,20,40,even
516,27.575757575757574,0.11242909348353,0.1076369742466024,0.0289068440535827,0.122653587697884,0.074353964394691,0.1246924662933421,0.1773208727016466,0.1123541523624929,0.192466957543767,0.0548100025395101,10_sp_aij_15,8493390,0.1,10,1498,20,40,even
517,28.181818181818183,0.1498338528865646,0.1059393336040275,0.0233398514634963,0.1159470862792343,0.0710886811320063,0.0975598927323272,0.156878218632477,0.1092898549853492,0.1756028302645277,0.071668232683589,10_sp_aij_15,8493390,0.1,10,1498,20,40,even
518,29.090909090909093,0.1697526619486863,0.1210248927223799,0.0239401358079722,0.1205606075429549,0.0834799940124623,0.0791537985318084,0.1628203967768782,0.0665509672856728,0.203120175003257,0.0721454267042834,10_sp_aij_15,8493390,0.1,10,1498,20,40,even
519,30.0,0.1429901575013331,0.1194396752552724,0.0317936035330573,0.101828248239586,0.1117350751319789,0.1074166517554049,0.1638526876892521,0.0910216887237821,0.1882432068405788,0.0623859275243656,10_sp_aij_15,8493390,0.1,10,1498,20,40,even
520,0.0,0.09,0.09,0.08,0.08,0.08,0.06,0.04,0.01,0.09,0.02,10_sp_aij_15,8982779,0.1,10,1498,20,40,even
521,0.6060606060606061,0.1118456056730072,0.090676951502315,0.0633365814948729,0.0672369102817247,0.0787232360116422,0.0709278590814823,0.0516509082968985,0.0121726514762013,0.0752782649191409,0.0166610808198913,10_sp_aij_15,8982779,0.1,10,1498,20,40,even
522,1.5151515151515151,0.1682447790822278,0.0847570920292786,0.0511312129792729,0.0684510127565027,0.0932233740270306,0.0543069000216989,0.0677804099061172,0.0177294919173955,0.0792183321295131,0.01927587075983,10_sp_aij_15,8982779,0.1,10,1498,20,40,even
523,2.121212121212121,0.1492728940517398,0.102441016881928,0.0395147351486313,0.067533847729031,0.0957073074796089,0.0687442259870841,0.0769188462361791,0.0216442763471927,0.0777132611652356,0.0226935035686721,10_sp_aij_15,8982779,0.1,10,1498,20,40,even
524,3.0303030303030303,0.1726647332098817,0.0907032775106008,0.0349522079236189,0.0723522139171721,0.0983372782595198,0.0843801976063399,0.0892349618054378,0.0271164495874727,0.0795832613970299,0.0370534275295634,10_sp_aij_15,8982779,0.1,10,1498,20,40,even
525,3.6363636363636367,0.1276158458539183,0.1076051358926337,0.0345346882354216,0.0689744679992607,0.0692331976126913,0.0848886659598586,0.1117536642638506,0.0382086571786088,0.0774091668569236,0.0474522066601411,10_sp_aij_15,8982779,0.1,10,1498,20,40,even
526,4.545454545454546,0.1760715140844158,0.091740112414518,0.0268499732280281,0.0754774786515184,0.0994248623786872,0.0968591962097624,0.1560370431307511,0.0428045780377712,0.090020480025901,0.0618236422415416,10_sp_aij_15,8982779,0.1,10,1498,20,40,even
527,5.151515151515151,0.1895749883689653,0.1078485311570471,0.0223347487029088,0.0975564935715478,0.1136003853630793,0.0965442167406857,0.1504146556477801,0.0505791289806405,0.0804602045760593,0.073621238917984,10_sp_aij_15,8982779,0.1,10,1498,20,40,even
528,6.0606060606060606,0.1700986711487714,0.0978800248895418,0.0165140789831492,0.112538126757313,0.1390837957285071,0.1211436949387023,0.1109534501800465,0.0768323862256375,0.0822118226798363,0.0732631320813774,10_sp_aij_15,8982779,0.1,10,1498,20,40,even
529,6.666666666666667,0.1693295932232041,0.0956095333389308,0.0124450731936203,0.1295253236591775,0.108440539310621,0.1101841439672023,0.1294527942586138,0.096474462796824,0.097682583220369,0.0643216183534693,10_sp_aij_15,8982779,0.1,10,1498,20,40,even
530,7.575757575757576,0.1364817127746757,0.091860252453743,0.0116499370606385,0.1253532394213961,0.1065679838722409,0.0911811483434383,0.1441761805132887,0.0961814269749668,0.1242962603681065,0.0955812667946826,10_sp_aij_15,8982779,0.1,10,1498,20,40,even
531,8.181818181818182,0.1138167694144418,0.0944388572649777,0.0120638485564047,0.1475828862636302,0.1320336670654489,0.089128418599853,0.1139201488875289,0.1193364715672968,0.169024278102976,0.0871583012767177,10_sp_aij_15,8982779,0.1,10,1498,20,40,even
532,9.090909090909092,0.0818684459323944,0.0941851879033442,0.0129233882327729,0.119498291807952,0.128166306936176,0.1190502135851257,0.1048909849142539,0.1255347646311471,0.2078244378299641,0.0937112118108428,10_sp_aij_15,8982779,0.1,10,1498,20,40,even
533,10.0,0.0782233058320189,0.0825000161216661,0.0192981924772175,0.0840866107632769,0.1071066271545207,0.1238464917381851,0.1175942827026031,0.1493491725595268,0.1763580340882047,0.0974007731048265,10_sp_aij_15,8982779,0.1,10,1498,20,40,even
534,10.606060606060606,0.0883647743518692,0.0835081456978925,0.0225030065057689,0.1000078137636067,0.1299380894027963,0.113164321551344,0.1204010708203505,0.1469936008324057,0.1745477652770887,0.1006832665259516,10_sp_aij_15,8982779,0.1,10,1498,20,40,even
535,11.515151515151516,0.0823992422933546,0.1065891055428542,0.0258799594162776,0.1072731252127319,0.1217714531899445,0.1030204722597599,0.1003308317570276,0.1622820744579641,0.1753844072929921,0.0850174728329527,10_sp_aij_15,8982779,0.1,10,1498,20,40,even
536,12.12121212121212,0.0919339836190018,0.1044983561172001,0.0256954060424262,0.1275290284553802,0.1086872150203669,0.1015869430246946,0.1474839855343504,0.1223188305364012,0.2078552604275759,0.0778321088387294,10_sp_aij_15,8982779,0.1,10,1498,20,40,even
537,13.030303030303031,0.0878335015466015,0.1209463496297165,0.0305069469038803,0.1251495364918023,0.1068390967454099,0.0968697464577355,0.1550962948801171,0.0982829019928722,0.2174953468670495,0.0862953484734378,10_sp_aij_15,8982779,0.1,10,1498,20,40,even
538,13.636363636363637,0.0932867495478715,0.1019282049493553,0.0337265497412852,0.1194993634392604,0.0867199391909951,0.1081864054576632,0.1732684154818362,0.1187266261832417,0.2221125658059539,0.0705556906067056,10_sp_aij_15,8982779,0.1,10,1498,20,40,even
539,14.545454545454549,0.1137407675988638,0.095302549062962,0.0295226969225155,0.1233295192453105,0.0975867526363195,0.1515105546191592,0.1422754331249297,0.1199229446756806,0.1946181426556281,0.0494648763487767,10_sp_aij_15,8982779,0.1,10,1498,20,40,even
540,15.151515151515152,0.0949518313935831,0.1038387006938051,0.0259481867502856,0.1340822780138803,0.0903623330155782,0.1694057197078483,0.1924795073426106,0.1224693170764325,0.1805471895685771,0.0574642458206786,10_sp_aij_15,8982779,0.1,10,1498,20,40,even
541,16.060606060606062,0.0911657370144919,0.1282119516846401,0.0225944190928425,0.1190604433591609,0.1059103734700191,0.1978617363141166,0.3036149762567257,0.0827993687642512,0.1792782178687681,0.0452066381321257,10_sp_aij_15,8982779,0.1,10,1498,20,40,even
542,16.666666666666668,0.0888334981280016,0.1521798933400511,0.0264321404667674,0.1367242567404512,0.1187957936608233,0.1998526029385115,0.3054637767013852,0.1046414116289716,0.1765819821208882,0.0500394103626875,10_sp_aij_15,8982779,0.1,10,1498,20,40,even
543,17.575757575757578,0.0921110636259205,0.2001847019753467,0.0253405724560978,0.1402994816280795,0.0803044940794257,0.1960411227764216,0.2254802772564991,0.1016867511273665,0.1449282540417966,0.0513219110436255,10_sp_aij_15,8982779,0.1,10,1498,20,40,even
544,18.181818181818183,0.0929779506258246,0.1970445360378157,0.0212492438519001,0.1177843858695745,0.0904181438157657,0.2040988022157997,0.2179455514887256,0.0806497859392803,0.1330838770825851,0.0682249019167794,10_sp_aij_15,8982779,0.1,10,1498,20,40,even
545,19.09090909090909,0.1240665242971545,0.1650258850685399,0.0220954849584876,0.1283354399043452,0.0793247529340713,0.1809508438976095,0.2263385839606354,0.0675059021530033,0.1742302913325236,0.0834912249796082,10_sp_aij_15,8982779,0.1,10,1498,20,40,even
546,20.0,0.1333388918254707,0.1694982565147502,0.0215314439446438,0.1272484865637221,0.0863576407939676,0.1606260077055201,0.1740343519092101,0.0992876340255188,0.1864161197945132,0.0768713234315039,10_sp_aij_15,8982779,0.1,10,1498,20,40,even
547,20.60606060606061,0.1447767542290438,0.1204303626075466,0.0272036381110126,0.1027737412888722,0.1035794360322,0.1308005250474786,0.177398341008845,0.0863421229177321,0.2203514592573526,0.0866022309116982,10_sp_aij_15,8982779,0.1,10,1498,20,40,even
548,21.51515151515152,0.0942990148274896,0.1336834531879571,0.0225659869426161,0.0727598617846544,0.0905410532487021,0.1074405429349852,0.2101972320284677,0.0880516197066257,0.1949848578600109,0.0729318380912564,10_sp_aij_15,8982779,0.1,10,1498,20,40,even
549,22.12121212121212,0.099726857854856,0.1321473550557538,0.0197149402528574,0.0619296971716906,0.1036724873606326,0.1145478817865574,0.22298569128683,0.0651731778098392,0.217660264419811,0.0644558544813085,10_sp_aij_15,8982779,0.1,10,1498,20,40,even
550,23.03030303030303,0.097388947288972,0.1099407065112021,0.0183134683962699,0.085127341247478,0.1086343143508952,0.126612792670038,0.2047690056956463,0.0563446188888548,0.2243396520621703,0.0521414791535794,10_sp_aij_15,8982779,0.1,10,1498,20,40,even
551,23.63636363636364,0.1019782989078695,0.1509177074067897,0.0178663777631327,0.0786407915455106,0.1177674524196873,0.1009598691050906,0.2207504481283403,0.0473245669427076,0.1712505192712279,0.0558947645879342,10_sp_aij_15,8982779,0.1,10,1498,20,40,even
552,24.545454545454547,0.1138133556509303,0.0956138764345902,0.0194662279083203,0.0722638732382809,0.1341094813345551,0.106580410744959,0.1384971539083506,0.0486954661246877,0.1580380221585064,0.0627918733848752,10_sp_aij_15,8982779,0.1,10,1498,20,40,even
553,25.151515151515152,0.1122673096279779,0.104717106395552,0.0216648487250595,0.0638950595452688,0.1585846272075678,0.1230754117144465,0.162389880803953,0.0638743683753876,0.1354819339736215,0.0608271636735752,10_sp_aij_15,8982779,0.1,10,1498,20,40,even
554,26.060606060606062,0.1141364235620358,0.0893214670009419,0.0258521745964498,0.0817904183072884,0.1511901070413218,0.1173975568216528,0.1668915581717688,0.0520709746853486,0.1460790361510301,0.0723245889361412,10_sp_aij_15,8982779,0.1,10,1498,20,40,even
555,26.666666666666668,0.1235724697100423,0.0688901214420725,0.0282411912256851,0.0725992138580934,0.1350099135209019,0.0988282631406239,0.166845766516129,0.0647762149526726,0.1614070608462201,0.0608452032123007,10_sp_aij_15,8982779,0.1,10,1498,20,40,even
556,27.575757575757574,0.0984278707299062,0.0657480547285573,0.0253344220183569,0.0619407994368252,0.1152743597572843,0.1104688430718105,0.1802601942572828,0.0635581475692543,0.2376917437578456,0.0533432564344013,10_sp_aij_15,8982779,0.1,10,1498,20,40,even
557,28.181818181818183,0.1088938351526216,0.0671319451249571,0.0277734827680901,0.0595570043202458,0.1041339164044629,0.1297633962523503,0.1950574593960126,0.0659897004180394,0.1952376991867346,0.06559952530303,10_sp_aij_15,8982779,0.1,10,1498,20,40,even
558,29.090909090909093,0.151333008600335,0.0701899115777387,0.0399099892053757,0.0588458329046403,0.119584119510576,0.1547403759411053,0.2593455389120846,0.0714967752884508,0.1685244814021474,0.0841541999357329,10_sp_aij_15,8982779,0.1,10,1498,20,40,even
559,30.0,0.1283141284366745,0.0722550270883076,0.0373939640754577,0.0733213837892899,0.1261551657971346,0.1055841050203883,0.1991283579349901,0.0834003180466748,0.1355379233823581,0.0787997079603542,10_sp_aij_15,8982779,0.1,10,1498,20,40,even
560,0.0,0.06,0.08,0.04,0.05,0.07,0.09,0.05,0.09,0.04,0.05,10_sp_aij_15,9036584,0.1,10,1498,20,40,even
561,0.6060606060606061,0.0963067975561023,0.0649051236812197,0.0369610823416578,0.0577662358749183,0.0899360793020541,0.1226454387108492,0.0622453960496214,0.0925650543589157,0.0439084454485365,0.047696679316346,10_sp_aij_15,9036584,0.1,10,1498,20,40,even
562,1.5151515151515151,0.1007054008446432,0.0793771085861327,0.0345059011224497,0.0764608382076668,0.102717381890628,0.1286450309016967,0.0707356897710455,0.1043392312387454,0.0470801954843749,0.0482694144133264,10_sp_aij_15,9036584,0.1,10,1498,20,40,even
563,2.121212121212121,0.1131504265472012,0.0738809034325828,0.0355326143068809,0.0781126791471715,0.0969729099031911,0.1506890295040315,0.0840180004379953,0.1223594670811311,0.0591324249644642,0.0492350391767101,10_sp_aij_15,9036584,0.1,10,1498,20,40,even
564,3.0303030303030303,0.1016911941347307,0.0799367263598058,0.0354261245855346,0.0719074258298276,0.112704227845604,0.1426734590704748,0.1081996273232766,0.1343983649303221,0.086110481908707,0.0707454216759472,10_sp_aij_15,9036584,0.1,10,1498,20,40,even
565,3.6363636363636367,0.1057425131334426,0.0730266568702474,0.0301110067279975,0.0716998657415663,0.1024887162987037,0.1431100638046647,0.1102106038894516,0.1021216841643371,0.0951986519534786,0.0764299750884233,10_sp_aij_15,9036584,0.1,10,1498,20,40,even
566,4.545454545454546,0.1002162535293172,0.0521399777771778,0.0386286278625093,0.0985619701412367,0.1518868518717378,0.1734903381533009,0.1453398628221165,0.121472303919271,0.1558022269519126,0.061929019370217,10_sp_aij_15,9036584,0.1,10,1498,20,40,even
567,5.151515151515151,0.0818349143120586,0.0707726149172943,0.0326074193627193,0.078879403671757,0.1391155415268764,0.1632000474068352,0.1955638540838776,0.1236155531155681,0.2137404188218747,0.0551368056619968,10_sp_aij_15,9036584,0.1,10,1498,20,40,even
568,6.0606060606060606,0.0905214382319724,0.0833408564691364,0.0320296418305392,0.0698620766137695,0.0751936530386073,0.1990507179244242,0.2007941165842722,0.115706740303083,0.2012147145552929,0.0569202469854306,10_sp_aij_15,9036584,0.1,10,1498,20,40,even
569,6.666666666666667,0.0861267596505021,0.0927701302256157,0.0427552719633652,0.0596705600601674,0.0926552419491748,0.1846457797623186,0.1788527242932822,0.0990154825809183,0.2436103828799249,0.041280320463842,10_sp_aij_15,9036584,0.1,10,1498,20,40,even
570,7.575757575757576,0.0847797961837979,0.0714325067852439,0.0415715955746792,0.0680760566442802,0.0992102372445573,0.1403318364028816,0.1605633082418602,0.0907773675806058,0.2027862860384779,0.040376645763332,10_sp_aij_15,9036584,0.1,10,1498,20,40,even
571,8.181818181818182,0.1009661190266992,0.0708951600219083,0.0376682790085032,0.0689984293274015,0.082788428166885,0.1385521391863111,0.188879818772082,0.0841855948035635,0.1434159634556984,0.0332001038479174,10_sp_aij_15,9036584,0.1,10,1498,20,40,even
572,9.090909090909092,0.1061059065794891,0.0648133046641302,0.0317787794430394,0.0824293544536127,0.0751207472343774,0.1560398180498463,0.1840539773680473,0.0816726205791396,0.1539970982478497,0.0270523352616662,10_sp_aij_15,9036584,0.1,10,1498,20,40,even
573,10.0,0.1216565838126298,0.0601269452165203,0.030830507693107,0.097161296854161,0.0817542470623133,0.1779889275131045,0.170035467696763,0.0902888549791858,0.1520794005015978,0.0298471074150773,10_sp_aij_15,9036584,0.1,10,1498,20,40,even
574,10.606060606060606,0.1301377321333633,0.0932858989370132,0.0285153780290597,0.0918329493863566,0.0572856708730463,0.1718680838823424,0.1429725940839374,0.0884519694169151,0.1655124465320559,0.0280648086608006,10_sp_aij_15,9036584,0.1,10,1498,20,40,even
575,11.515151515151516,0.1254623752343816,0.1158898628847839,0.0226491800832739,0.0910053923408361,0.0742573222659857,0.1700961423911347,0.1703107962552962,0.0870059818558589,0.1621792090792526,0.0343181373505122,10_sp_aij_15,9036584,0.1,10,1498,20,40,even
576,12.12121212121212,0.1020250584747107,0.1412005216290722,0.0227127471339399,0.0774213408613371,0.07299613168433,0.1640382138997656,0.1542038954316436,0.0710567095738811,0.1513419207570348,0.030107313451238,10_sp_aij_15,9036584,0.1,10,1498,20,40,even
577,13.030303030303031,0.1368957584203953,0.1647040776364622,0.0244661852479564,0.0865730984839597,0.0826073725028945,0.1504852779806928,0.178894732021828,0.0908461544464653,0.1304254891233661,0.0320438594114493,10_sp_aij_15,9036584,0.1,10,1498,20,40,even
578,13.636363636363637,0.1436793810510569,0.1160722645154721,0.0202174262585234,0.1012383136011606,0.077102971722686,0.1796980576464247,0.1727719456114772,0.0981084767999674,0.1524887776488623,0.0360896355427248,10_sp_aij_15,9036584,0.1,10,1498,20,40,even
579,14.545454545454549,0.1350610394130936,0.1029982294362466,0.018101340860147,0.0994807012508289,0.0770776360354249,0.2008227928213658,0.1532760306025615,0.1057377095235943,0.2114796716432051,0.0519057336277164,10_sp_aij_15,9036584,0.1,10,1498,20,40,even
580,15.151515151515152,0.1044244237455108,0.0965144351492017,0.013040231762748,0.084794222141732,0.0729418742170728,0.1699560487137688,0.1430047656055528,0.1127092594116612,0.1856368061913151,0.0654617264459545,10_sp_aij_15,9036584,0.1,10,1498,20,40,even
581,16.060606060606062,0.119570344969074,0.1174197812169288,0.0159132783065635,0.0682282725056661,0.0905538573204524,0.1561903447103715,0.2088915744722533,0.1262600837809313,0.1770815131646194,0.0533765517802877,10_sp_aij_15,9036584,0.1,10,1498,20,40,even
582,16.666666666666668,0.147381010184125,0.1197319431482809,0.0126365540669424,0.0876352175967572,0.1071373825330132,0.1498720394272164,0.2352424027734298,0.1250081539209345,0.1945717770277123,0.0575439754341833,10_sp_aij_15,9036584,0.1,10,1498,20,40,even
583,17.575757575757578,0.1535174874469114,0.1183579209910123,0.0115809848921987,0.1218966211764371,0.0966598796759759,0.1743614438162861,0.1640346012031871,0.1504688461391267,0.1945536489226897,0.0567487188528004,10_sp_aij_15,9036584,0.1,10,1498,20,40,even
584,18.181818181818183,0.1469901537878434,0.100724060157959,0.0133565139018656,0.1243541002487307,0.1081577156966142,0.1565649227920404,0.1456985445700587,0.1791089527753817,0.203854473979312,0.0606643714064824,10_sp_aij_15,9036584,0.1,10,1498,20,40,even
585,19.09090909090909,0.1317596346809854,0.100234155408458,0.014724770996271,0.1141259933465042,0.0750061382348131,0.1606889926607797,0.1634310361731818,0.2001017616167129,0.2058511715962343,0.0563097322211861,10_sp_aij_15,9036584,0.1,10,1498,20,40,even
586,20.0,0.1134463304481282,0.1190988233685852,0.016025363107232,0.1105500394522571,0.0699457887441063,0.158763650684233,0.1136075169211432,0.1175170407134721,0.1468367779948,0.0467451350561003,10_sp_aij_15,9036584,0.1,10,1498,20,40,even
587,20.60606060606061,0.1294745996505828,0.1240903377169647,0.0111084953691573,0.0969614284063085,0.0689847526184792,0.1793742385321333,0.1211470557240756,0.1669618843519632,0.1602079303320009,0.0471834350949867,10_sp_aij_15,9036584,0.1,10,1498,20,40,even
588,21.51515151515152,0.1225665585548149,0.1492255451934512,0.0094945245363143,0.094614329109944,0.0870272341425648,0.1857188522924691,0.1375918253061974,0.1712147616239046,0.1975728176402063,0.0540995614598552,10_sp_aij_15,9036584,0.1,10,1498,20,40,even
589,22.12121212121212,0.1175934692369823,0.1351540088039936,0.0104924667245843,0.0950804303578707,0.0741087494604934,0.1660045396783849,0.1362931915661228,0.135123955269541,0.2331977368557604,0.0527293433416507,10_sp_aij_15,9036584,0.1,10,1498,20,40,even
590,23.03030303030303,0.1205583580559918,0.1126665626582682,0.0114126534031035,0.100454112442702,0.1125565295077707,0.2098382276064943,0.1490909616402259,0.1577520273725951,0.2171112537543097,0.062823845628564,10_sp_aij_15,9036584,0.1,10,1498,20,40,even
591,23.63636363636364,0.1079732248036503,0.0982333190543447,0.0146868137765406,0.0885690635662823,0.0887456454018735,0.1658280949075208,0.1724410155942886,0.1647997466489446,0.2187118217057408,0.0513868776339132,10_sp_aij_15,9036584,0.1,10,1498,20,40,even
592,24.545454545454547,0.1180283589890692,0.0788731341127816,0.0139616283455902,0.1113299307230547,0.0808966174495365,0.1612457664104639,0.1925249792069338,0.1226018291551068,0.1726611995238123,0.0376190108879101,10_sp_aij_15,9036584,0.1,10,1498,20,40,even
593,25.151515151515152,0.1583042129801346,0.0885868692739167,0.0135210228730089,0.0896652690780834,0.0763623164893321,0.1467156766517739,0.199620154215291,0.1079127014160935,0.1788510134664434,0.0345511207033714,10_sp_aij_15,9036584,0.1,10,1498,20,40,even
594,26.060606060606062,0.1636320371777871,0.1270827936559138,0.0118997716337537,0.086726806024393,0.0872538618246927,0.1882250480781058,0.1828185585114459,0.1265271068213964,0.1732831218333278,0.0415325536557728,10_sp_aij_15,9036584,0.1,10,1498,20,40,even
595,26.666666666666668,0.130758698507081,0.1078724440872992,0.0137690803214217,0.1072672629101499,0.0921659352459068,0.1738899006863118,0.1889549482345527,0.1304837591680537,0.1849202097178777,0.0487633083597036,10_sp_aij_15,9036584,0.1,10,1498,20,40,even
596,27.575757575757574,0.0976438034040302,0.1085606175152105,0.0190211356752429,0.0796428433991112,0.09735573207386,0.1947567463694877,0.209300761553416,0.114720622414091,0.1917237044225885,0.0437408610673078,10_sp_aij_15,9036584,0.1,10,1498,20,40,even
597,28.181818181818183,0.0692111379248947,0.1095565225707954,0.018253740163626,0.0960798220551291,0.0964749852008409,0.2310899477200047,0.2396451516176486,0.0937272224019174,0.2118812966752362,0.0444585128664723,10_sp_aij_15,9036584,0.1,10,1498,20,40,even
598,29.090909090909093,0.0927385864576791,0.1128324409113572,0.020891933686433,0.1038003931540995,0.0853286130985313,0.2200980515668791,0.2042207982377427,0.102087786700599,0.1978123491845529,0.0441292268668636,10_sp_aij_15,9036584,0.1,10,1498,20,40,even
599,30.0,0.0873210104376003,0.092729594428898,0.0240389407899305,0.1117014813579344,0.0604637424011793,0.208681916586129,0.2077926218527046,0.1131765568090414,0.1607526582121768,0.0450508914988954,10_sp_aij_15,9036584,0.1,10,1498,20,40,even
600,0.0,0.06,0.06,0.01,0.01,0.01,0.08,0.08,0.04,0.04,0.05,10_sp_aij_15,9845126,0.1,10,1498,20,40,even
601,0.6060606060606061,0.095171069309381,0.074889862250632,0.0100195523875328,0.0126878838512021,0.0121515205014007,0.0835318424774813,0.0878278307469653,0.050595049641599,0.0421178922988741,0.0461746861265444,10_sp_aij_15,9845126,0.1,10,1498,20,40,even
602,1.5151515151515151,0.1232451121857457,0.0726337158410391,0.0077249187032768,0.016905488153577,0.0155594647159492,0.1103422909635134,0.0800729755210949,0.0457567613692586,0.0453547874291029,0.0428590973681379,10_sp_aij_15,9845126,0.1,10,1498,20,40,even
603,2.121212121212121,0.1334917113469642,0.0566375265267008,0.0075961727646425,0.0272891438831857,0.0214022219676653,0.1144845452919953,0.0962032099468133,0.0542963515537102,0.0544678989074317,0.0343919141769038,10_sp_aij_15,9845126,0.1,10,1498,20,40,even
604,3.0303030303030303,0.1455346245113031,0.0784756564433152,0.0085153451609563,0.0378825975347606,0.031771996383812,0.116969659830272,0.0997153359919461,0.0649625951691327,0.0880015957808635,0.0361518988076269,10_sp_aij_15,9845126,0.1,10,1498,20,40,even
605,3.6363636363636367,0.1682101760514935,0.0900469484663297,0.0070633637071818,0.0385606712787838,0.040978697292235,0.1330689040605137,0.0987403760680452,0.0524552903387946,0.0871930222361077,0.0431159313349764,10_sp_aij_15,9845126,0.1,10,1498,20,40,even
606,4.545454545454546,0.1806482988233602,0.0665565093080968,0.0062847746529494,0.0360876595943625,0.0345895586744553,0.1295054395716852,0.1384487400917604,0.0656360000184001,0.1083477948016446,0.0430851296118443,10_sp_aij_15,9845126,0.1,10,1498,20,40,even
607,5.151515151515151,0.1551446249389495,0.0668466628725123,0.005833751223023,0.0483931640323842,0.0438047621764039,0.113319623561766,0.1752128043380654,0.0506091576739427,0.1125612698235397,0.0326519457599194,10_sp_aij_15,9845126,0.1,10,1498,20,40,even
608,6.0606060606060606,0.1491864193506069,0.0691576550476559,0.0049528608979855,0.0505057793715579,0.0439988145668587,0.143404139977907,0.1758412509957356,0.051386136340981,0.1244548159905137,0.0376010969620547,10_sp_aij_15,9845126,0.1,10,1498,20,40,even
609,6.666666666666667,0.1553209400397766,0.0772164601679795,0.0057090770770121,0.0516867100735645,0.056162559036436,0.1404525068791127,0.1715882335239775,0.0657867483519911,0.12288661746355,0.0319945044866055,10_sp_aij_15,9845126,0.1,10,1498,20,40,even
610,7.575757575757576,0.1748557939327081,0.0786402989692922,0.0047693708023575,0.0468982274638245,0.0384320919686781,0.135071178674494,0.1710473333659244,0.0961158146436637,0.0989770086033358,0.038252174164806,10_sp_aij_15,9845126,0.1,10,1498,20,40,even
611,8.181818181818182,0.1652354552362654,0.0778728076967867,0.0055407646226907,0.0635724951409564,0.041410315843557,0.1882139143629749,0.1745420481994679,0.1103378072290902,0.0916820791171958,0.0382450114009049,10_sp_aij_15,9845126,0.1,10,1498,20,40,even
612,9.090909090909092,0.1987440387396204,0.0825629071863197,0.0056229653466966,0.1017596875882913,0.0437837858856618,0.2049981731100162,0.1703154938091938,0.153060252658038,0.1427358873641039,0.0362921613789251,10_sp_aij_15,9845126,0.1,10,1498,20,40,even
613,10.0,0.1406141242814083,0.1072245592698499,0.0059236941629877,0.0959183538111689,0.0463208301569011,0.2033658059424942,0.1781511650536621,0.1425313368412997,0.1576794736950827,0.0357026813107726,10_sp_aij_15,9845126,0.1,10,1498,20,40,even
614,10.606060606060606,0.1412790944675908,0.1309474629898337,0.0070934099113295,0.1158099330314148,0.0525907395990706,0.2008774053934228,0.1959297632549493,0.1486390255152422,0.1959316260486774,0.0392417025140992,10_sp_aij_15,9845126,0.1,10,1498,20,40,even
615,11.515151515151516,0.1343792110087817,0.1809115624910005,0.0092024035001402,0.1191146252993011,0.0523579868192904,0.1945037002739485,0.1989072953853745,0.1380163169645178,0.1587843289745943,0.0395459041392833,10_sp_aij_15,9845126,0.1,10,1498,20,40,even
616,12.12121212121212,0.1283099030384482,0.2092762074833934,0.0093584352393397,0.089930062771486,0.0592199980591604,0.2438973770978181,0.1869460379039483,0.1264189078820513,0.150032443834629,0.0436646535763363,10_sp_aij_15,9845126,0.1,10,1498,20,40,even
617,13.030303030303031,0.1417370404161409,0.1542759003880995,0.0084018516991609,0.1178660803016764,0.0628065766596634,0.2110339250773078,0.169472378816692,0.1574294696803355,0.1826490865977597,0.0430703135417836,10_sp_aij_15,9845126,0.1,10,1498,20,40,even
618,13.636363636363637,0.1230760477061479,0.1625911874145717,0.0084295202891892,0.1019461728620134,0.072489403762359,0.1833478409082339,0.1825366667784491,0.1261517011883384,0.2248221146579554,0.0540940632508751,10_sp_aij_15,9845126,0.1,10,1498,20,40,even
619,14.545454545454549,0.1441388327814425,0.1407918329705199,0.0091839315381188,0.1142935851584783,0.1009055152297676,0.1456263316838744,0.1791316169443772,0.1307815631822272,0.153280387399575,0.050191144877058,10_sp_aij_15,9845126,0.1,10,1498,20,40,even
620,15.151515151515152,0.1503136297232911,0.1594883938697422,0.007927488482313,0.114193054702602,0.0964258552981579,0.1358275301119529,0.1711069777912501,0.1093299773929927,0.1648966024541342,0.0378834253098669,10_sp_aij_15,9845126,0.1,10,1498,20,40,even
621,16.060606060606062,0.1671620082297324,0.1063649606888121,0.0073624579064145,0.1294032288630145,0.117822402803695,0.1530113591781022,0.1884157114000254,0.1348043461216764,0.1556288676733447,0.0398221456157779,10_sp_aij_15,9845126,0.1,10,1498,20,40,even
622,16.666666666666668,0.1387559170805975,0.0986074679472552,0.0070255305365978,0.1060931319392888,0.0922298876974222,0.1412303908232149,0.2299970440682103,0.1146247708520248,0.191999710110364,0.0473382578954936,10_sp_aij_15,9845126,0.1,10,1498,20,40,even
623,17.575757575757578,0.1289807637558208,0.086560148793942,0.0086836849021354,0.1047638917173615,0.1094381674334453,0.1959486185417747,0.189135894839502,0.110828558230984,0.1639546629348137,0.0661629029706661,10_sp_aij_15,9845126,0.1,10,1498,20,40,even
624,18.181818181818183,0.1243598231392388,0.0904028939692919,0.0124772847217191,0.1087421783808103,0.1044609711823259,0.1928621633492884,0.19095912546786,0.0986082633503503,0.1665877292146156,0.0608438073499072,10_sp_aij_15,9845126,0.1,10,1498,20,40,even
625,19.09090909090909,0.1265968367918178,0.0908497330085689,0.0136765033350931,0.1001602246602403,0.1080866476791228,0.1788866067799316,0.1997874207617176,0.0813771807574769,0.1914594586995316,0.0705541670299772,10_sp_aij_15,9845126,0.1,10,1498,20,40,even
626,20.0,0.1062303587347022,0.0858867255541907,0.0138231962200619,0.0693672682100955,0.1064585357704582,0.1834594045230952,0.1850669222018021,0.0929935594756842,0.1763234656224821,0.0775806412397761,10_sp_aij_15,9845126,0.1,10,1498,20,40,even
627,20.60606060606061,0.1092243040573121,0.0910718461081717,0.0104070546319886,0.0871227479553892,0.121671934563463,0.1932061584925261,0.1947898560361102,0.1054386721441775,0.1442060913491541,0.1002003357052949,10_sp_aij_15,9845126,0.1,10,1498,20,40,even
628,21.51515151515152,0.0945171730230599,0.1011663996658831,0.0099520112087486,0.1046516592610574,0.1463798493813375,0.1904368402173196,0.1777464127108734,0.093457930996118,0.1666297761767164,0.0761014397490227,10_sp_aij_15,9845126,0.1,10,1498,20,40,even
629,22.12121212121212,0.0953846129592366,0.1010121227094505,0.0098755131368323,0.1065811385505792,0.0938318215370929,0.2022927013946213,0.1987725161618856,0.0942057604160339,0.1968581396445471,0.0951991950419603,10_sp_aij_15,9845126,0.1,10,1498,20,40,even
630,23.03030303030303,0.1107323369585653,0.0920706105373773,0.0111669761901997,0.0793175011193814,0.0693339583497027,0.1583704957966029,0.147568054049766,0.0717293144580893,0.1963926060278896,0.0925958054001679,10_sp_aij_15,9845126,0.1,10,1498,20,40,even
631,23.63636363636364,0.1437294272690871,0.1095414217205403,0.0124988915869415,0.0783458902036245,0.0719322840531328,0.1458932564020214,0.1744788050299544,0.0772579057509009,0.1509202632206362,0.0958655685643626,10_sp_aij_15,9845126,0.1,10,1498,20,40,even
632,24.545454545454547,0.1555686509127739,0.1256491506315229,0.0155923619220354,0.073631404969705,0.0877152635127139,0.1292856091474713,0.1611202827463167,0.0697439055603933,0.1749751718502105,0.0864517403039328,10_sp_aij_15,9845126,0.1,10,1498,20,40,even
633,25.151515151515152,0.1425935928599343,0.1397328059405462,0.0174308661269234,0.0440458393118853,0.1045269465584954,0.112961061669323,0.1400517626331618,0.0738171440912896,0.1617642117119987,0.0801210145317091,10_sp_aij_15,9845126,0.1,10,1498,20,40,even
634,26.060606060606062,0.1320102190992566,0.1133538408786784,0.0117145696681582,0.0651922525433879,0.0845243693683343,0.1085601217664742,0.1091343888042403,0.0728256240282975,0.1644307460913215,0.0816497638911765,10_sp_aij_15,9845126,0.1,10,1498,20,40,even
635,26.666666666666668,0.1247200139667758,0.0866413275992111,0.0095605521389547,0.067204616844182,0.0954146700484811,0.1268502073691854,0.1308800090670738,0.0815814642296519,0.1881948379287005,0.0898355831618768,10_sp_aij_15,9845126,0.1,10,1498,20,40,even
636,27.575757575757574,0.1144476849951101,0.0659820296340553,0.0150626872707524,0.0727807536804471,0.0552047221681484,0.1482993041627594,0.1274400287945638,0.1053174227855079,0.1542790882213073,0.0864443765144074,10_sp_aij_15,9845126,0.1,10,1498,20,40,even
637,28.181818181818183,0.1205637300019162,0.0659005465717432,0.0192944953359216,0.0641774479782988,0.0625900725303966,0.1612863227115188,0.1488645312375199,0.1210770587010951,0.1530013526359232,0.0698923862099766,10_sp_aij_15,9845126,0.1,10,1498,20,40,even
638,29.090909090909093,0.1001560235265281,0.0660353911839486,0.0210436988634946,0.0697775208950755,0.0748798709776672,0.1640039979717728,0.1879273932561588,0.1307280299777853,0.1531008601807966,0.0703222556521368,10_sp_aij_15,9845126,0.1,10,1498,20,40,even
639,30.0,0.1225422577666031,0.0702577080212654,0.0239163865753581,0.0772001793903802,0.0739774319467656,0.1760133735978278,0.1298799483782457,0.1296551398955894,0.1365555537205136,0.0459968319454491,10_sp_aij_15,9845126,0.1,10,1498,20,40,even
640,0.0,0.07,0.06,0.07,0.04,0.06,0.08,0.06,0.06,0.06,0.08,10_sp_aij_15,10011807,0.1,10,1498,20,40,even
641,0.6060606060606061,0.0902994557346625,0.0610545547483249,0.0676076164829289,0.0551835169722673,0.0709669653595837,0.0718826917577046,0.0701589145355493,0.065029526582503,0.0615468058079521,0.0786810150749656,10_sp_aij_15,10011807,0.1,10,1498,20,40,even
642,1.5151515151515151,0.0857713601484489,0.0815206857192046,0.0431098105575331,0.0645402823485087,0.0621265171732675,0.1093190274234175,0.0781667711738537,0.0907172328965038,0.076914831557636,0.0762595906734526,10_sp_aij_15,10011807,0.1,10,1498,20,40,even
643,2.121212121212121,0.1089342105267725,0.0685828515367188,0.0237623969829156,0.0625107030999532,0.0586863270984151,0.1050442975907698,0.0828809454797774,0.1152899103849081,0.0822073894596324,0.0772023825645267,10_sp_aij_15,10011807,0.1,10,1498,20,40,even
644,3.0303030303030303,0.0919570724874994,0.0876217985780121,0.0184406184748606,0.0756399208386305,0.0508338160623993,0.1199859111064999,0.069597716735706,0.1344433251129544,0.1121751384458396,0.0848374291311829,10_sp_aij_15,10011807,0.1,10,1498,20,40,even
645,3.6363636363636367,0.0975075963648339,0.0879460959666855,0.0176156037844763,0.0986367127379852,0.0607727577077724,0.1267744743945947,0.0744318558148424,0.1319515589869712,0.1100512361534466,0.0625796878035347,10_sp_aij_15,10011807,0.1,10,1498,20,40,even
646,4.545454545454546,0.0825506225565683,0.1050696787088439,0.021276052678978,0.1148260607820933,0.0744489775474862,0.1339210413516068,0.0980132459897794,0.1388417241341541,0.1103238823625114,0.0645410825942068,10_sp_aij_15,10011807,0.1,10,1498,20,40,even
647,5.151515151515151,0.1024371003928607,0.1286590543636119,0.0205538360426334,0.114936371640386,0.0757949049349239,0.1610328342654013,0.1230563664382368,0.1146218772366302,0.0840568954087963,0.0624785004510624,10_sp_aij_15,10011807,0.1,10,1498,20,40,even
648,6.0606060606060606,0.1147398948096359,0.1311317651614834,0.017318132620171,0.1203990091148861,0.0930111183068298,0.1409370369411296,0.154623587672414,0.1119641379020608,0.0840115490718656,0.0671543248002382,10_sp_aij_15,10011807,0.1,10,1498,20,40,even
649,6.666666666666667,0.1166550384612619,0.1052440388987788,0.014614603420269,0.1141928158965159,0.1066232266143274,0.1745849061337327,0.169851055639598,0.1228464708741755,0.1218175428922821,0.0807827778056515,10_sp_aij_15,10011807,0.1,10,1498,20,40,even
650,7.575757575757576,0.0965478245273857,0.0671909876766479,0.0145888612091051,0.1287348825238629,0.111638640422693,0.2206473620685831,0.1919805325052502,0.1369959437299713,0.1578265295968388,0.0697428727865397,10_sp_aij_15,10011807,0.1,10,1498,20,40,even
651,8.181818181818182,0.0973403890641925,0.0707616592363937,0.0174547779915235,0.1084988140875985,0.1049633516042728,0.1687686317461043,0.1905553698611934,0.1353626519999984,0.2011335654147533,0.0781485210036255,10_sp_aij_15,10011807,0.1,10,1498,20,40,even
652,9.090909090909092,0.0809893165204489,0.0877601740542452,0.0233651326075497,0.0997321299682796,0.1077109761498614,0.1633154832416158,0.1686738214630554,0.2054419099077267,0.2325390547068163,0.0465207501104902,10_sp_aij_15,10011807,0.1,10,1498,20,40,even
653,10.0,0.077510389799804,0.0755422287218848,0.0227998565509028,0.125748650347266,0.0784946250058965,0.1746331019708449,0.1911047248996958,0.1467350124832366,0.1558778586123047,0.0478870301342833,10_sp_aij_15,10011807,0.1,10,1498,20,40,even
654,10.606060606060606,0.0624607479833562,0.0809617126100845,0.0230436009402737,0.1104705016344453,0.073325501589999,0.2332653064286991,0.1883869535759075,0.1449056942644653,0.1433640511600847,0.0481406397917379,10_sp_aij_15,10011807,0.1,10,1498,20,40,even
655,11.515151515151516,0.0539200612063054,0.0862493987375059,0.0267139081969779,0.0882178637833109,0.0603574064363779,0.2219901432236979,0.2238850532462417,0.1631051254051757,0.1613021732347004,0.0554521532934959,10_sp_aij_15,10011807,0.1,10,1498,20,40,even
656,12.12121212121212,0.0684775379164156,0.0857702387219254,0.0255668157440602,0.0974221329948046,0.0619063028558086,0.2262206570970698,0.2037012298136197,0.1421792639303707,0.1742759816001432,0.0546015816704283,10_sp_aij_15,10011807,0.1,10,1498,20,40,even
657,13.030303030303031,0.0902104527824665,0.1223641026363346,0.0204555860857799,0.0977784765432972,0.0534658163343283,0.1850499745801104,0.1556072951881052,0.15218476970421,0.1837818281968936,0.0485320296898573,10_sp_aij_15,10011807,0.1,10,1498,20,40,even
658,13.636363636363637,0.0784883732169886,0.1267698818126745,0.0225900788643508,0.0955594081617367,0.0489075502542883,0.1366237769117101,0.1343846058321001,0.1300802944738129,0.1446306179173176,0.0537135195456016,10_sp_aij_15,10011807,0.1,10,1498,20,40,even
659,14.545454545454549,0.1093649073495949,0.1284037289522933,0.0222698851410521,0.1185606073419221,0.056957815538324,0.1131378889894227,0.1321972500735807,0.1427282963704756,0.1533816595349418,0.0500147541901225,10_sp_aij_15,10011807,0.1,10,1498,20,40,even
660,15.151515151515152,0.0985862095947936,0.1307008908549869,0.0204793341721368,0.099002881321582,0.0556603807736222,0.1219358675525369,0.1637787265467226,0.131432662788171,0.1388552703615469,0.0454252258302944,10_sp_aij_15,10011807,0.1,10,1498,20,40,even
661,16.060606060606062,0.1025846253544403,0.1163479524281194,0.0208174137573553,0.0836429422063552,0.0649868784486217,0.1509918689415499,0.2226745294497268,0.1160948506761152,0.1466863812503172,0.0497101699347198,10_sp_aij_15,10011807,0.1,10,1498,20,40,even
662,16.666666666666668,0.1245514011210869,0.1304707231371321,0.0201265904434489,0.0939772693461478,0.0638009372412881,0.1652745757543052,0.2429264323802622,0.1116166510566805,0.1753017169596749,0.0530384845625078,10_sp_aij_15,10011807,0.1,10,1498,20,40,even
663,17.575757575757578,0.1151085239183304,0.1316132337454166,0.022253810033023,0.0778766551089939,0.0701499175088592,0.1550893867928044,0.2073211143008356,0.093994043636894,0.1244619048832402,0.0481675543214688,10_sp_aij_15,10011807,0.1,10,1498,20,40,even
664,18.181818181818183,0.1301109263122174,0.1147476867997516,0.018333978750211,0.0880928191879748,0.0625673780199219,0.1567096540267989,0.2100466954426503,0.1054892735883679,0.1212085323055155,0.0491901568858315,10_sp_aij_15,10011807,0.1,10,1498,20,40,even
665,19.09090909090909,0.1501621959355938,0.1075785703238415,0.0136664556938584,0.088163988622672,0.0658211668671498,0.2027131400882595,0.2330299738766746,0.0713566027946036,0.1760212194216709,0.0726696971831631,10_sp_aij_15,10011807,0.1,10,1498,20,40,even
666,20.0,0.156739062236825,0.0814206994959152,0.0128654059767963,0.1132092533555232,0.0626027224243532,0.1708365137564003,0.2146512765676812,0.0708092277248631,0.1939731998236126,0.0662376999442356,10_sp_aij_15,10011807,0.1,10,1498,20,40,even
667,20.60606060606061,0.1428927350207309,0.0799057217705987,0.0139449536674047,0.1259124991733942,0.0867247563032208,0.175057642071934,0.2050660402158067,0.0846772257827209,0.1985137804074519,0.0779505514475038,10_sp_aij_15,10011807,0.1,10,1498,20,40,even
668,21.51515151515152,0.1252531833979831,0.1004310215596599,0.0203458116626909,0.1327712724462456,0.0929849467411287,0.1323986328497976,0.2274857118449876,0.1002589393771942,0.2331395793869511,0.0794666843338964,10_sp_aij_15,10011807,0.1,10,1498,20,40,even
669,22.12121212121212,0.094517108059763,0.0846646694952425,0.0229326864560515,0.1208239037643183,0.0864748833317172,0.1142529440545636,0.2089565769822522,0.079688757473676,0.2060683803893274,0.0636151706116448,10_sp_aij_15,10011807,0.1,10,1498,20,40,even
670,23.03030303030303,0.1079650816013618,0.0913215082726912,0.0238871077968061,0.1088543534803072,0.0824106280543212,0.1216695079763454,0.1617252056501875,0.1162479670671476,0.1827730743107905,0.0585249956331292,10_sp_aij_15,10011807,0.1,10,1498,20,40,even
671,23.63636363636364,0.1104007425280268,0.0808418448308238,0.0215887795657815,0.1009315581999362,0.0867443283814143,0.1020932313262775,0.1565419850551894,0.0930985386922146,0.1831098753081661,0.0679687492253683,10_sp_aij_15,10011807,0.1,10,1498,20,40,even
672,24.545454545454547,0.1132646647800891,0.111452554144368,0.0205161246403797,0.1160359874936649,0.0908253370391132,0.0871074260379412,0.1526523480656248,0.0824686433251055,0.2396758289140519,0.0849476674989685,10_sp_aij_15,10011807,0.1,10,1498,20,40,even
673,25.151515151515152,0.1396771359195202,0.104338732270209,0.0206130682806082,0.1172528124992166,0.0915690194924753,0.0905338180738328,0.1640129298571833,0.0788743803264262,0.1829476776018079,0.0630578744347679,10_sp_aij_15,10011807,0.1,10,1498,20,40,even
674,26.060606060606062,0.1302848206806537,0.1003221378492669,0.0150993792565378,0.1063049722553807,0.0890128677458646,0.1066286168062482,0.1976199956406565,0.0942556016007017,0.2137454213873695,0.0576583829016068,10_sp_aij_15,10011807,0.1,10,1498,20,40,even
675,26.666666666666668,0.1244964436724019,0.1084044571199717,0.0179202415855375,0.1042012887261203,0.1131756625658562,0.0962865442962589,0.2003807930845441,0.0935188478153234,0.2095918783426228,0.0587970790246623,10_sp_aij_15,10011807,0.1,10,1498,20,40,even
676,27.575757575757574,0.1367079498796419,0.1064639578468645,0.0145963775121051,0.1277882519597804,0.0923748216162706,0.1127426336634345,0.2269595642873636,0.0983309943957833,0.1577363281936225,0.049027939002939,10_sp_aij_15,10011807,0.1,10,1498,20,40,even
677,28.181818181818183,0.1643186748456036,0.0947372079751858,0.0168671750185825,0.1131032575410795,0.1077160038200901,0.1081996355398688,0.1880000905583376,0.0802551056540927,0.1561982195483168,0.047717699454787,10_sp_aij_15,10011807,0.1,10,1498,20,40,even
678,29.090909090909093,0.1372060738004539,0.0805293811611749,0.0179853515991804,0.1087559297486171,0.1149002679100039,0.1102988586834634,0.2140658973700484,0.0866325052696315,0.1381132005279526,0.0669340706979379,10_sp_aij_15,10011807,0.1,10,1498,20,40,even
679,30.0,0.1463017770943959,0.0821182083426593,0.0162870020027943,0.1186164240263373,0.0758662457134593,0.1164086978004845,0.1811678736240285,0.0830089014953049,0.1381354230914492,0.062424827329358,10_sp_aij_15,10011807,0.1,10,1498,20,40,even
680,0.0,0.03,0.04,0.07,0.08,0.06,0.09,0.06,0.05,0.01,0.03,10_sp_aij_15,10488077,0.1,10,1498,20,40,even
681,0.6060606060606061,0.0350080744078436,0.0562334423702949,0.0648950875968711,0.0971337799559731,0.0483442198967828,0.0948163639832082,0.0624103455436464,0.0664280009293752,0.0106225708249264,0.0448334715038276,10_sp_aij_15,10488077,0.1,10,1498,20,40,even
682,1.5151515151515151,0.0577639393467286,0.077134651815616,0.0430965675337906,0.1056748875658537,0.048816804683913,0.112496173815417,0.0692058085419491,0.0983912043891266,0.0145785832460381,0.0371366932306088,10_sp_aij_15,10488077,0.1,10,1498,20,40,even
683,2.121212121212121,0.0692306235480235,0.0814054087284264,0.033403575990505,0.0916923818065682,0.0468063531997208,0.1473843529115019,0.091956545013291,0.1128472920647868,0.0201092918111015,0.0506662751746584,10_sp_aij_15,10488077,0.1,10,1498,20,40,even
684,3.0303030303030303,0.0844004148076042,0.1258385107109128,0.0288478325029703,0.1342467290905474,0.0439931963052608,0.2226989474764754,0.125684774307294,0.1324628509852148,0.0345898867930809,0.053296781123278,10_sp_aij_15,10488077,0.1,10,1498,20,40,even
685,3.6363636363636367,0.1120567672820289,0.130539358973671,0.0274408148300969,0.1912837147238505,0.0437250587664218,0.2659597414361077,0.1550878153081037,0.1290121682892488,0.0404482211495427,0.0594704934836317,10_sp_aij_15,10488077,0.1,10,1498,20,40,even
686,4.545454545454546,0.1026040134796609,0.1405206427983542,0.0255857779708661,0.2327978473551739,0.045458780656743,0.2869058968511697,0.2165736700184742,0.176599979980692,0.0762658183317818,0.0685764646360789,10_sp_aij_15,10488077,0.1,10,1498,20,40,even
687,5.151515151515151,0.1196564433767921,0.1563988203045399,0.0233538983278398,0.2151488355310223,0.0486488569912392,0.3062444684057046,0.1925083260500024,0.2310304660859829,0.1209460101308056,0.0705152700372142,10_sp_aij_15,10488077,0.1,10,1498,20,40,even
688,6.0606060606060606,0.1060166681064723,0.1335861733139761,0.0220654943690763,0.1822846007936328,0.0397261499771091,0.3803888173494435,0.2449950093513,0.2553524469415595,0.1394281652079726,0.0650789131897434,10_sp_aij_15,10488077,0.1,10,1498,20,40,even
689,6.666666666666667,0.099784314745002,0.13222989625687,0.0176998240174479,0.1670954788923511,0.0310221070853008,0.360421626148509,0.2012820728544828,0.294294797153768,0.1502697220127938,0.0650460946486157,10_sp_aij_15,10488077,0.1,10,1498,20,40,even
690,7.575757575757576,0.0881384863548832,0.159757923067618,0.0185097318623791,0.1257777222117971,0.0287711081143216,0.2701218432721837,0.220941407036407,0.2547143951493956,0.1803511729331383,0.0533343368471037,10_sp_aij_15,10488077,0.1,10,1498,20,40,even
691,8.181818181818182,0.0830678871585661,0.1272967941279839,0.016797256093259,0.1161349931241802,0.0243237989912272,0.2719088343808318,0.2670411838896598,0.1918734768502843,0.261817960241879,0.0575728795619812,10_sp_aij_15,10488077,0.1,10,1498,20,40,even
692,9.090909090909092,0.0980217808158685,0.1667595124830652,0.0152689435240843,0.1375124654058618,0.0263655999788765,0.2773067096869075,0.2066919441996534,0.1587267058952569,0.1960375931485558,0.0546418265253893,10_sp_aij_15,10488077,0.1,10,1498,20,40,even
693,10.0,0.1352006890777777,0.1834440133979313,0.0138949867353175,0.1699652190508947,0.0363127481567397,0.2315082667605969,0.1907363276062948,0.1656068419546476,0.1824528134843396,0.0507144370179606,10_sp_aij_15,10488077,0.1,10,1498,20,40,even
694,10.606060606060606,0.1264792307937934,0.1762935933393746,0.0115888534369464,0.1570797867444166,0.033851033525979,0.1935972254234118,0.1799725217536988,0.1743842983237146,0.1857737532696854,0.0414345493617852,10_sp_aij_15,10488077,0.1,10,1498,20,40,even
695,11.515151515151516,0.1133962663097496,0.1979646588280489,0.0102076599445944,0.1987602557317227,0.0461599369139359,0.2563315206221169,0.1892527317874814,0.178448386129485,0.1440571326854006,0.055264589516841,10_sp_aij_15,10488077,0.1,10,1498,20,40,even
696,12.12121212121212,0.1026807389914578,0.2272141371879958,0.0089851398141416,0.1849995800255658,0.0503159510006079,0.2777857995285686,0.1969354570511154,0.1568698955394342,0.1845464623021453,0.0596156809361835,10_sp_aij_15,10488077,0.1,10,1498,20,40,even
697,13.030303030303031,0.0921642139652529,0.2204347072694515,0.0088194149965105,0.1523546588167151,0.0707044393794683,0.2406850928946962,0.2244748561118331,0.2209406285545296,0.259722416100173,0.0503888079627375,10_sp_aij_15,10488077,0.1,10,1498,20,40,even
698,13.636363636363637,0.0800913259032906,0.1667546792960703,0.0098495965083443,0.1685086145390066,0.1118782046476514,0.2272118883419986,0.1977917250744626,0.1953248754221183,0.2707904774930323,0.0506416346862722,10_sp_aij_15,10488077,0.1,10,1498,20,40,even
699,14.545454545454549,0.0821278199695051,0.1147494467387251,0.0129083760747869,0.1779930664240306,0.1022857349818371,0.2248328224391007,0.2230253356305526,0.1727406750802307,0.3140625171910545,0.053688422259113,10_sp_aij_15,10488077,0.1,10,1498,20,40,even
700,15.151515151515152,0.0776437689295097,0.1737143124352634,0.0157488485856577,0.1659510395241181,0.0989254493030476,0.2128305839493054,0.1949822752239068,0.1364167814907386,0.2918474883710341,0.0609684597537687,10_sp_aij_15,10488077,0.1,10,1498,20,40,even
701,16.060606060606062,0.1165015683004549,0.2121462421259642,0.0183986005344377,0.1182134222045702,0.1393265272441575,0.1726998459019728,0.2073613447280132,0.1090584796976809,0.2214965801500195,0.0766893657312163,10_sp_aij_15,10488077,0.1,10,1498,20,40,even
702,16.666666666666668,0.0948402075930391,0.1890463022478838,0.0227514277845355,0.1185668123891866,0.1048260655771062,0.1703696891960127,0.2157735507645516,0.095352565632883,0.2329449185365562,0.0898203320426057,10_sp_aij_15,10488077,0.1,10,1498,20,40,even
703,17.575757575757578,0.1022943372601258,0.1269519636303195,0.0192280309785503,0.1305393477036199,0.1291774149901502,0.1332206360074986,0.2072100453237956,0.0994825070169204,0.2310131853476207,0.0781897772605709,10_sp_aij_15,10488077,0.1,10,1498,20,40,even
704,18.181818181818183,0.1211428710958592,0.1221773933486813,0.0181132086242291,0.0993254080206784,0.1152467533686045,0.1040299817274064,0.1950868419624353,0.1285266731786354,0.2327415291741025,0.0808578950218596,10_sp_aij_15,10488077,0.1,10,1498,20,40,even
705,19.09090909090909,0.1034036150639093,0.1094013004488518,0.0173781180396254,0.0955393128440576,0.1392284689615671,0.1050012134378349,0.1987546522945574,0.1029274269648982,0.2053745155316836,0.0610375389015937,10_sp_aij_15,10488077,0.1,10,1498,20,40,even
706,20.0,0.1049434216004925,0.0963661968160772,0.0136512365711611,0.0957022013428166,0.1205074997677203,0.101454381866004,0.1966110470031038,0.0748051826807709,0.1935258521820055,0.0508035785351263,10_sp_aij_15,10488077,0.1,10,1498,20,40,even
707,20.60606060606061,0.0890462953039494,0.0956251453632075,0.014721880916199,0.0808489459434686,0.1197308261729667,0.1171260563117071,0.230178537360962,0.0641645176419738,0.1937412864758133,0.0486948381260989,10_sp_aij_15,10488077,0.1,10,1498,20,40,even
708,21.51515151515152,0.1102570461336451,0.0879751388765721,0.012745614917797,0.0759696278730513,0.1017117665347841,0.1428833852041134,0.222448011153834,0.062041805837874,0.2438998557266982,0.0567322138679524,10_sp_aij_15,10488077,0.1,10,1498,20,40,even
709,22.12121212121212,0.1336683346432921,0.0928954716403818,0.0135804841547429,0.0772747387348073,0.0957859884313194,0.1436203663524665,0.2162652275323503,0.067441896942682,0.2230241430123082,0.0549275497069844,10_sp_aij_15,10488077,0.1,10,1498,20,40,even
710,23.03030303030303,0.1390172762737062,0.1057848727173421,0.0128459361947933,0.0720948698975618,0.0859589968682477,0.1419737506200063,0.1735938174422542,0.087533941746021,0.2179351865095485,0.0490408555269689,10_sp_aij_15,10488077,0.1,10,1498,20,40,even
711,23.63636363636364,0.1505185280803808,0.1112977870617291,0.0114277628877437,0.0690263085693886,0.0785276939682247,0.1690917633685513,0.1893438074524974,0.0915436482343237,0.2367552982178707,0.0530779946741796,10_sp_aij_15,10488077,0.1,10,1498,20,40,even
712,24.545454545454547,0.1284657277669837,0.0875158069576775,0.0116703368440539,0.1020988399713375,0.0744499887000153,0.1657592908511274,0.2180212082219358,0.0676238076972377,0.2014504522371984,0.0494582307963027,10_sp_aij_15,10488077,0.1,10,1498,20,40,even
713,25.151515151515152,0.1205810586144591,0.0977929425069583,0.0136668992885725,0.0785056060977607,0.0867667356340529,0.1400809301352614,0.1998930815649105,0.0602753020265073,0.2239729374673773,0.054112884348035,10_sp_aij_15,10488077,0.1,10,1498,20,40,even
714,26.060606060606062,0.130041843974428,0.0942268264816135,0.0144735549542714,0.0880870992993858,0.0739288827231682,0.1360466418721639,0.2102705981667883,0.0746895430511213,0.1813124743639289,0.0589890646900721,10_sp_aij_15,10488077,0.1,10,1498,20,40,even
715,26.666666666666668,0.1151467279553569,0.0762422089091441,0.013573604719893,0.0876158626791627,0.0964584815904542,0.1309687809047929,0.1821306466869396,0.0753075454637896,0.1621693155071238,0.0559375672545411,10_sp_aij_15,10488077,0.1,10,1498,20,40,even
716,27.575757575757574,0.1119626878896053,0.0815188826119916,0.0165989127614948,0.0962678740266892,0.0979038121843749,0.1267746538724128,0.158612285387702,0.1106655764768339,0.1614206228765201,0.0461743939625485,10_sp_aij_15,10488077,0.1,10,1498,20,40,even
717,28.181818181818183,0.1147731757464838,0.0785475761554976,0.0151819780532529,0.090887670600236,0.0894072164675199,0.1360924680438071,0.1567229203282424,0.1041966927753894,0.1814442258941258,0.0532913365010494,10_sp_aij_15,10488077,0.1,10,1498,20,40,even
718,29.090909090909093,0.1233815556488893,0.0747512973185103,0.0164914328842214,0.0892149552018284,0.091096880668176,0.1125882963444649,0.1424043541811606,0.1362510231912078,0.2110851089182621,0.0546886340980859,10_sp_aij_15,10488077,0.1,10,1498,20,40,even
719,30.0,0.1229860354156287,0.0749568207437426,0.0152707964515389,0.0867599929546184,0.1026991433716107,0.1503479266160249,0.1587517105418112,0.1507245446242461,0.1663316036469152,0.0558095492700894,10_sp_aij_15,10488077,0.1,10,1498,20,40,even
720,0.0,0.09,0.05,0.08,0.02,0.07,0.04,0.01,0.05,0.05,0.01,10_sp_aij_15,11563241,0.1,10,1498,20,40,even
721,0.6060606060606061,0.1251687746746716,0.0661097260540008,0.0791078969915893,0.0203933628753762,0.0643127826687171,0.0402894073816373,0.0142909092135118,0.0555537790921287,0.0581991446393862,0.0147870365881742,10_sp_aij_15,11563241,0.1,10,1498,20,40,even
722,1.5151515151515151,0.1231850341017766,0.0643922126961718,0.0518615943778146,0.021763723147513,0.0517456239436447,0.0318994430727974,0.0242279700909666,0.0544721962440182,0.0439882445289415,0.0158977311263744,10_sp_aij_15,11563241,0.1,10,1498,20,40,even
723,2.121212121212121,0.1411180493309876,0.0786307015723376,0.0403738530857612,0.0293247515697357,0.0582784789849394,0.0410625292207832,0.0320239405401728,0.0680449237958852,0.0487177932022092,0.0180627936417046,10_sp_aij_15,11563241,0.1,10,1498,20,40,even
724,3.0303030303030303,0.1554082648538222,0.0693735482877407,0.0354795877152393,0.039227028163123,0.0617950811217712,0.0401812109968282,0.0325798670401339,0.0631604778666468,0.0502184780466414,0.0182732302724985,10_sp_aij_15,11563241,0.1,10,1498,20,40,even
725,3.6363636363636367,0.1617438414706123,0.0683447945536925,0.0253696963344711,0.0473580918561246,0.0691540315461076,0.0507827016956757,0.0334576206898983,0.0818535413382725,0.0434760311387496,0.0191409332208948,10_sp_aij_15,11563241,0.1,10,1498,20,40,even
726,4.545454545454546,0.1595199337105439,0.0665703220239355,0.0196283431674869,0.0603861108764751,0.0576217718685811,0.086354012381635,0.0550956590946063,0.113712990934843,0.064063904788677,0.0234749774142472,10_sp_aij_15,11563241,0.1,10,1498,20,40,even
727,5.151515151515151,0.1519232005954942,0.0832394310203224,0.0134190144243906,0.0682586205734307,0.0505704625372228,0.1048497221059293,0.0613037810480302,0.1157799282247341,0.0682005436751708,0.0220549326161263,10_sp_aij_15,11563241,0.1,10,1498,20,40,even
728,6.0606060606060606,0.1659388956714711,0.0892831658043014,0.0086585451070615,0.0952115067782852,0.0488595810841709,0.124807057997389,0.1072351522010779,0.1340224085594176,0.0874442237194619,0.0261322774782542,10_sp_aij_15,11563241,0.1,10,1498,20,40,even
729,6.666666666666667,0.2118950870220674,0.1193766072825576,0.0062687559930248,0.131062436390471,0.0492984683494469,0.1553840687703438,0.1038359565548815,0.150657834224448,0.0984157655170327,0.0210588912172027,10_sp_aij_15,11563241,0.1,10,1498,20,40,even
730,7.575757575757576,0.1797085177681397,0.1272607304823663,0.0057412705536915,0.1559531262793907,0.047016678513556,0.182036536949792,0.1556459723389941,0.1443016828695316,0.143342805427848,0.0272631613241476,10_sp_aij_15,11563241,0.1,10,1498,20,40,even
731,8.181818181818182,0.1401036215108111,0.1330391474257889,0.0049472738182761,0.1623404657263764,0.0531135775668219,0.1902362669787604,0.2106983230151298,0.151896259974424,0.1279675420674648,0.0351041899379053,10_sp_aij_15,11563241,0.1,10,1498,20,40,even
732,9.090909090909092,0.1575039681530947,0.12775770169722,0.004164860590467,0.1502146696166588,0.0825776379265904,0.2136432898193634,0.2408076071682139,0.2004051462551864,0.1773732701767224,0.0477441946054559,10_sp_aij_15,11563241,0.1,10,1498,20,40,even
733,10.0,0.0980372171853763,0.136119765034033,0.0040022491015637,0.1476854364925214,0.0765687532745402,0.1795919119262627,0.2193175753717236,0.1483369021163414,0.1897555587940053,0.0627740892648342,10_sp_aij_15,11563241,0.1,10,1498,20,40,even
734,10.606060606060606,0.1101402411723449,0.1242648804438352,0.0057028247369103,0.1274531922222929,0.0700102871314769,0.1586435686503537,0.216988716254068,0.126208796554272,0.2284104156114381,0.0552449343590159,10_sp_aij_15,11563241,0.1,10,1498,20,40,even
735,11.515151515151516,0.1012817693103172,0.1194048500769845,0.0065915703666424,0.109257940522408,0.0873610953927941,0.1727559352885847,0.1604439532318405,0.1142466048387033,0.2255349062406981,0.0700236484862154,10_sp_aij_15,11563241,0.1,10,1498,20,40,even
736,12.12121212121212,0.0854949233645957,0.114666449607892,0.0086379842073386,0.118860751759742,0.0978365898525911,0.1488342216474506,0.1810565212233423,0.1220446238124047,0.2263637507906888,0.0609535322009405,10_sp_aij_15,11563241,0.1,10,1498,20,40,even
737,13.030303030303031,0.0994754339917689,0.1271373228842156,0.0074350849127994,0.0898747295280198,0.1073678606736766,0.1630330183173222,0.2321544974340765,0.1210817077346947,0.210733584786349,0.0817613329578931,10_sp_aij_15,11563241,0.1,10,1498,20,40,even
738,13.636363636363637,0.0993602663995137,0.120672093463053,0.0089146234494994,0.1067396060250837,0.0943148537270341,0.1624530377624537,0.2375818453007303,0.1179997829313006,0.1805721805270244,0.0631705426717455,10_sp_aij_15,11563241,0.1,10,1498,20,40,even
739,14.545454545454549,0.1074124852152794,0.0962614861851978,0.0073621840178326,0.1144550347930864,0.101598752738105,0.1784573095812055,0.1748434861068079,0.1186863649254878,0.2185319499454611,0.0504806138333322,10_sp_aij_15,11563241,0.1,10,1498,20,40,even
740,15.151515151515152,0.1004363581711436,0.0976379643938175,0.0086096488780196,0.1467452275679085,0.09568035020212,0.1625205680831035,0.1961415161747445,0.1209581185786468,0.2231612126029894,0.0422251486989247,10_sp_aij_15,11563241,0.1,10,1498,20,40,even
741,16.060606060606062,0.0670306188107217,0.1123792625356192,0.0115931029055146,0.1363502116794361,0.095251996257452,0.1696488459246804,0.2040500701500476,0.1072664747182933,0.2029447604486538,0.0470117237137854,10_sp_aij_15,11563241,0.1,10,1498,20,40,even
742,16.666666666666668,0.0706194529476271,0.1157825925049094,0.0132504828869607,0.1094235946405415,0.0770404513591509,0.2172598611040885,0.1758803448556382,0.1112977442424457,0.2166151183132018,0.048932050406445,10_sp_aij_15,11563241,0.1,10,1498,20,40,even
743,17.575757575757578,0.0955593125796098,0.0826218133838117,0.0119580300495172,0.0927555166502262,0.0757827993988111,0.2231966524438758,0.2208326536783895,0.1605502242518166,0.2141381669631005,0.0552481181974296,10_sp_aij_15,11563241,0.1,10,1498,20,40,even
744,18.181818181818183,0.1057246675457242,0.0707889956365841,0.0145129781623245,0.0913074277170208,0.0779929764578138,0.2127656417136177,0.2925849929496169,0.1508536359659327,0.2492454423799567,0.0534822339405264,10_sp_aij_15,11563241,0.1,10,1498,20,40,even
745,19.09090909090909,0.1179999445083959,0.084422841310911,0.0109273126914507,0.1106913621282825,0.0584954731329934,0.212244732106583,0.2296792880464868,0.1606128760090253,0.2313790855174772,0.0486444507619478,10_sp_aij_15,11563241,0.1,10,1498,20,40,even
746,20.0,0.0804439192013781,0.0990596731293624,0.0109782061366219,0.0947857870189887,0.0775736578930247,0.2333116699351299,0.2506780265123658,0.1360043380438571,0.238054292193289,0.0457479176751089,10_sp_aij_15,11563241,0.1,10,1498,20,40,even
747,20.60606060606061,0.0677578278280875,0.1067853406798247,0.0106583628858168,0.0839064059374057,0.0827677745428636,0.2388473303114244,0.2581149653108082,0.1281230397352065,0.208977224311177,0.047811690704715,10_sp_aij_15,11563241,0.1,10,1498,20,40,even
748,21.51515151515152,0.0631118540857626,0.1010419941006846,0.0113834430584337,0.0896952217682618,0.0894827554965023,0.2046038080570804,0.2556443332283146,0.1334096324982893,0.187819104502691,0.0593660383018128,10_sp_aij_15,11563241,0.1,10,1498,20,40,even
749,22.12121212121212,0.0835572428822527,0.0962390989581412,0.0108187721896007,0.0853791796412192,0.0764997931809906,0.1387974196426252,0.2202607747178026,0.1159923680850677,0.2412927819386158,0.0559105368036067,10_sp_aij_15,11563241,0.1,10,1498,20,40,even
750,23.03030303030303,0.1009079380961031,0.0943337507803239,0.0105348103815539,0.0837933610485275,0.074402419081726,0.1727029203790724,0.262377199461155,0.0930446875104407,0.1927088397637793,0.0462394757946337,10_sp_aij_15,11563241,0.1,10,1498,20,40,even
751,23.63636363636364,0.1209522592552747,0.0981399011135814,0.0099830734846808,0.0904094479801354,0.0845124477516452,0.1510948798225172,0.257735875391443,0.0902731852498375,0.2365287486863019,0.0472466445932587,10_sp_aij_15,11563241,0.1,10,1498,20,40,even
752,24.545454545454547,0.191124126260026,0.1041865384775883,0.0101667048377537,0.0731784261037336,0.1120718662505126,0.109581054393317,0.2381572746702609,0.0655128789354859,0.1432935098968122,0.0462730971690989,10_sp_aij_15,11563241,0.1,10,1498,20,40,even
753,25.151515151515152,0.1441757717104586,0.0944766676374144,0.0106973380704929,0.0627368692620679,0.1096989348739387,0.1407465402662012,0.2125030148337279,0.0677462127671633,0.1510790699240172,0.0452473149946868,10_sp_aij_15,11563241,0.1,10,1498,20,40,even
754,26.060606060606062,0.2053578930787058,0.0927178583594472,0.0082653006357768,0.0678093962809812,0.0984016266190789,0.0997395898387066,0.2334833440123712,0.0606526468440214,0.1843371894788595,0.0510584647332391,10_sp_aij_15,11563241,0.1,10,1498,20,40,even
755,26.666666666666668,0.1608903058500628,0.1016454726662133,0.0065272568394029,0.0693522536492299,0.1027386049741452,0.1060523991702039,0.19453400580134,0.0569583932913026,0.2024467707303306,0.0464581858810398,10_sp_aij_15,11563241,0.1,10,1498,20,40,even
756,27.575757575757574,0.1919106438678006,0.1145744102961299,0.0073755222311161,0.0669514228321471,0.1259683137432751,0.1064013246868723,0.1849318529674102,0.0413665432605086,0.1648866211611565,0.0433692106301992,10_sp_aij_15,11563241,0.1,10,1498,20,40,even
757,28.181818181818183,0.1545219825023873,0.1031030141467792,0.0074592909101905,0.0664712436343566,0.1490337468056594,0.1027411575425297,0.1841445032118894,0.0465283589979462,0.1571014827692552,0.0390589262754012,10_sp_aij_15,11563241,0.1,10,1498,20,40,even
758,29.090909090909093,0.1561133996550675,0.1087437143515038,0.0058448048769392,0.0664203008653465,0.1543113969354047,0.1339284871034689,0.2525557096019932,0.0411538865518268,0.1666147266665725,0.0459901977879434,10_sp_aij_15,11563241,0.1,10,1498,20,40,even
759,30.0,0.1462922536504901,0.0934388226331982,0.0043933984697743,0.0695070795645563,0.1688968664740547,0.1089145957704074,0.2820483718326796,0.0354984769877226,0.1738366096001405,0.0450327928848222,10_sp_aij_15,11563241,0.1,10,1498,20,40,even
760,0.0,0.09,0.09,0.01,0.03,0.06,0.06,0.03,0.08,0.07,0.05,10_sp_aij_15,12733201,0.1,10,1498,20,40,even
761,0.6060606060606061,0.0780007820443525,0.0786052002737311,0.0083910583344217,0.0396140976979899,0.0795038331481109,0.0595322920263875,0.0286829791464693,0.0988266725146691,0.0752800156178548,0.0430668768037658,10_sp_aij_15,12733201,0.1,10,1498,20,40,even
762,1.5151515151515151,0.1046466432135025,0.0831336881565845,0.0081687603343955,0.0519564291248613,0.095486145085615,0.0764187503274981,0.0471860462373508,0.105108530674417,0.0983335445789254,0.0492891976088435,10_sp_aij_15,12733201,0.1,10,1498,20,40,even
763,2.121212121212121,0.1080100269813791,0.0838366475702444,0.0091535349166731,0.080094392564435,0.1000147232051322,0.0852825216258465,0.0501388713524888,0.15399473703045,0.1160341394172641,0.0544719833068616,10_sp_aij_15,12733201,0.1,10,1498,20,40,even
764,3.0303030303030303,0.1267871898422319,0.0833626288692394,0.0080661530152049,0.0793097464209816,0.1020010479537937,0.1155004404552285,0.0643921773755726,0.1899039169902571,0.1355304048013706,0.0678168255380106,10_sp_aij_15,12733201,0.1,10,1498,20,40,even
765,3.6363636363636367,0.1090199564934871,0.0843515627213517,0.0082558924889174,0.0795536966048966,0.0954259288850007,0.1176530202591809,0.0765518842702462,0.1900900504918788,0.1541623318124611,0.0632386687653229,10_sp_aij_15,12733201,0.1,10,1498,20,40,even
766,4.545454545454546,0.1317992900076847,0.0777535280617595,0.0074155343586986,0.0853625537973455,0.1194460267442692,0.1405523861811553,0.107924652304044,0.1837385443897591,0.1692941448388688,0.0580422412501701,10_sp_aij_15,12733201,0.1,10,1498,20,40,even
767,5.151515151515151,0.1009626818508168,0.076287179514535,0.0059320827903471,0.0690615131271482,0.1072416739100764,0.1267949632969677,0.1220462683021523,0.1756659098736593,0.1537450860224079,0.0636112585620303,10_sp_aij_15,12733201,0.1,10,1498,20,40,even
768,6.0606060606060606,0.1027605332074886,0.0819104181893606,0.0100888775603387,0.0689249031368169,0.116838215772079,0.1606840022698918,0.1327636767803728,0.2005654037254665,0.1683342551975724,0.063412829695216,10_sp_aij_15,12733201,0.1,10,1498,20,40,even
769,6.666666666666667,0.1134363009654499,0.110859400837102,0.0104057521081811,0.0782337324605682,0.1146984282700383,0.1724103221613271,0.1464622315735787,0.2110985937138879,0.1770739895350635,0.0507174271246946,10_sp_aij_15,12733201,0.1,10,1498,20,40,even
770,7.575757575757576,0.1230946948246379,0.142567519103581,0.0095188354814873,0.069720408186467,0.1144579835086582,0.1762506952573213,0.1823020757107919,0.1658171099157996,0.2227567093427835,0.0421241542583729,10_sp_aij_15,12733201,0.1,10,1498,20,40,even
771,8.181818181818182,0.1323386398511239,0.123360619028044,0.0082960873639518,0.0582038234813242,0.091867218194187,0.1645491457310417,0.1744429803801942,0.1416774479540398,0.2113186954610073,0.0464711815433827,10_sp_aij_15,12733201,0.1,10,1498,20,40,even
772,9.090909090909092,0.1074528495011384,0.1132848904140925,0.009534023677523,0.0907236410915065,0.1158486879764953,0.1533146116682373,0.1871271666169132,0.1471831204577565,0.1812693054173852,0.0427383298893303,10_sp_aij_15,12733201,0.1,10,1498,20,40,even
773,10.0,0.0825492394432414,0.1159475463439271,0.0093812963946282,0.0870949296301461,0.0989825241888313,0.1377196565143942,0.1642229757415088,0.1467077005588672,0.1556184027379922,0.0551227592649404,10_sp_aij_15,12733201,0.1,10,1498,20,40,even
774,10.606060606060606,0.0859334170077244,0.101091134005302,0.0108669447139584,0.0781377477937061,0.105226157031779,0.1743845570160679,0.1725412089418295,0.1581565769036723,0.1639115003247424,0.0518914475939475,10_sp_aij_15,12733201,0.1,10,1498,20,40,even
775,11.515151515151516,0.0918810793888983,0.0971842409465982,0.0121652990281823,0.1100656652730748,0.122911887820866,0.1838813642843484,0.1689330543659162,0.1632628840616724,0.1826099839405412,0.0437362130726204,10_sp_aij_15,12733201,0.1,10,1498,20,40,even
776,12.12121212121212,0.0825380376178393,0.1045120777130038,0.0168464072777695,0.1001723465593756,0.1157535038237805,0.1682723313741761,0.1375428587413766,0.1694415863119529,0.1879760688406182,0.0448116962348612,10_sp_aij_15,12733201,0.1,10,1498,20,40,even
777,13.030303030303031,0.0782028117069003,0.0837353176018256,0.018447825009298,0.1190658336595156,0.106038597935027,0.2027601813203056,0.1266338232638166,0.1862786773939087,0.1766939633367866,0.04752228942375,10_sp_aij_15,12733201,0.1,10,1498,20,40,even
778,13.636363636363637,0.1068566967308548,0.0964301950269117,0.0154698830736233,0.0858314894113773,0.0933408100452929,0.1904289559022577,0.1366572286455934,0.1551983061601743,0.155751899219872,0.0541274757448641,10_sp_aij_15,12733201,0.1,10,1498,20,40,even
779,14.545454545454549,0.1181441228651058,0.0816439936737689,0.0105660298970497,0.0997930990396412,0.0907291181873188,0.2052155352308275,0.1879382185538883,0.1159705645944358,0.1500496050569312,0.0605731191589262,10_sp_aij_15,12733201,0.1,10,1498,20,40,even
780,15.151515151515152,0.135064477624888,0.0861931533602046,0.0103616919729865,0.0833145099736125,0.0963556266119408,0.2048573991117154,0.2227088499721355,0.1079837562365006,0.1735404800298914,0.0446815719029221,10_sp_aij_15,12733201,0.1,10,1498,20,40,even
781,16.060606060606062,0.1394371634318166,0.1207245235413389,0.0084901430517381,0.1036139073097819,0.0783530937837052,0.1685770920794846,0.2834857619760359,0.1185490597189548,0.169334268954066,0.0444016130528819,10_sp_aij_15,12733201,0.1,10,1498,20,40,even
782,16.666666666666668,0.1168111316730437,0.1010807655585425,0.0060559210794651,0.0981251104680021,0.0667307614267977,0.1520064441516326,0.2140181962786936,0.09854504386083,0.1794924412282308,0.0438782889986902,10_sp_aij_15,12733201,0.1,10,1498,20,40,even
783,17.575757575757578,0.1429821904223428,0.1110551231162783,0.0081333277974066,0.0829807682484035,0.0590496739390149,0.1303832866169317,0.1982252205972478,0.0999473516496552,0.2184421747638691,0.052811725495862,10_sp_aij_15,12733201,0.1,10,1498,20,40,even
784,18.181818181818183,0.1143694169283589,0.1016200137453471,0.0082860120033073,0.0958258226193208,0.067117167791437,0.1345272038500776,0.2039778344043544,0.1009269021665725,0.2233440396796853,0.04645855279819,10_sp_aij_15,12733201,0.1,10,1498,20,40,even
785,19.09090909090909,0.1063286236969524,0.1159315243027145,0.0081946810017198,0.0837930278607121,0.0608575067787279,0.1199184603466019,0.1616803579390476,0.0775504656944701,0.1918499211125135,0.0579528555849236,10_sp_aij_15,12733201,0.1,10,1498,20,40,even
786,20.0,0.1132874438758909,0.1083881180152563,0.0086595201102116,0.0713235545617412,0.0935759845391017,0.10853295450905,0.1930895840010682,0.0836952421512432,0.1487852251806104,0.045361288496795,10_sp_aij_15,12733201,0.1,10,1498,20,40,even
787,20.60606060606061,0.1073345517467624,0.103139593898562,0.0096367697101198,0.0930074444283619,0.0999100189112094,0.1053168116504176,0.1964665586360443,0.0864291380031355,0.1367763763973635,0.0341094201590901,10_sp_aij_15,12733201,0.1,10,1498,20,40,even
788,21.51515151515152,0.0918425224780689,0.0748498510029928,0.0121887976240389,0.0802644856756283,0.1121124634708819,0.1486553925365435,0.1757193833029796,0.1118891212240608,0.139124000335413,0.0397385724397752,10_sp_aij_15,12733201,0.1,10,1498,20,40,even
789,22.12121212121212,0.0924537882059261,0.0725544095438738,0.0127759169579193,0.0755990045846883,0.1047133744336895,0.1879126390434712,0.1883740000024575,0.1187543070809211,0.1732599639518476,0.0415540515600682,10_sp_aij_15,12733201,0.1,10,1498,20,40,even
790,23.03030303030303,0.1078152373304598,0.0753151211441397,0.0165469289521463,0.0795548791074333,0.1030259573951214,0.1959688661954352,0.2205588032136994,0.1037877987381806,0.1543280317556616,0.0436000318582484,10_sp_aij_15,12733201,0.1,10,1498,20,40,even
791,23.63636363636364,0.1115407428719774,0.0647977215384586,0.0159985229640893,0.0920101902902003,0.1008098446308508,0.1817857153547621,0.2812847626307154,0.101166694522827,0.1441198968970963,0.0479023188789891,10_sp_aij_15,12733201,0.1,10,1498,20,40,even
792,24.545454545454547,0.1024629673143805,0.0918497562666145,0.0214756645812315,0.0899237515258931,0.10629282909367,0.1663351683184802,0.2398897758733328,0.0928012376526777,0.1943700439447848,0.0411869788964363,10_sp_aij_15,12733201,0.1,10,1498,20,40,even
793,25.151515151515152,0.1130233091393415,0.0962723259591495,0.0198244040526316,0.0715668178582731,0.1068332828860009,0.2058023430961496,0.2272026647018485,0.08903579137257,0.1642493202028347,0.0463030547284926,10_sp_aij_15,12733201,0.1,10,1498,20,40,even
794,26.060606060606062,0.1234098625260172,0.1074135299619138,0.0144444886412669,0.0847957807347585,0.1120010128179961,0.1655063686036689,0.182595270473044,0.0934587381963064,0.2059092538452059,0.0532531195547222,10_sp_aij_15,12733201,0.1,10,1498,20,40,even
795,26.666666666666668,0.1322226057434962,0.1102556125557333,0.0160788777114634,0.063063609975858,0.1120053805923464,0.1644083144015407,0.1847281208006187,0.0803248616290419,0.1712279027333507,0.0635177659453693,10_sp_aij_15,12733201,0.1,10,1498,20,40,even
796,27.575757575757574,0.1053569307864104,0.110690789870894,0.016476196009071,0.0857475425323234,0.0978663473398165,0.1591084977336938,0.1938836240268299,0.0714485864928497,0.1972594846886994,0.0633440832304315,10_sp_aij_15,12733201,0.1,10,1498,20,40,even
797,28.181818181818183,0.1178116171084376,0.11264508942255,0.0139430801297945,0.1074279655408253,0.0821682016231266,0.1604696926797557,0.1965893802941789,0.0840970185803669,0.1660062485604459,0.0648052981987642,10_sp_aij_15,12733201,0.1,10,1498,20,40,even
798,29.090909090909093,0.1546002017268509,0.1049032672036797,0.0126445123186207,0.1021815728564658,0.0784791651244529,0.1176511929023761,0.1724062857893938,0.0811142290698087,0.1921280884793511,0.0688790451723023,10_sp_aij_15,12733201,0.1,10,1498,20,40,even
799,30.0,0.1458274222339174,0.091606323254737,0.016999802776265,0.0851390069752998,0.0840914156275068,0.1094115895207024,0.1707392323164456,0.0939071348406478,0.2043347262878261,0.0851497672952913,10_sp_aij_15,12733201,0.1,10,1498,20,40,even
