,time,species_0,species_1,species_2,species_3,species_4,species_5,species_6,species_7,species_8,species_9,ground_truth,timeseries_id,noise,n_species,did,n_timeseries,n_timepoints,sampling_scheme
0,0.0,0.04,0.05,0.01,0.02,0.02,0.07,0.01,0.09,0.07,0.03,10_sp_aij_22,36656,0.1,10,3049,10,50,even
1,0.6060606060606061,0.0391908813705533,0.0721368271531978,0.0124602372614493,0.0366768405708006,0.0287542247338429,0.0679099177891832,0.0108796571303805,0.0836965345910314,0.076996636337007,0.0409810821994422,10_sp_aij_22,36656,0.1,10,3049,10,50,even
2,1.2121212121212122,0.043393099843594,0.0964542061455528,0.0182300304307877,0.0490907081384299,0.0412597258368998,0.0728300497216057,0.011845339343584,0.1002849247362777,0.0905654296561441,0.0678819977756714,10_sp_aij_22,36656,0.1,10,3049,10,50,even
3,1.8181818181818183,0.0484895158029569,0.1096901145643514,0.0254793751337351,0.0783673648577221,0.0476765079935238,0.0809815908801066,0.0150441957380565,0.1289883163661103,0.1138419221938767,0.100992497438309,10_sp_aij_22,36656,0.1,10,3049,10,50,even
4,2.4242424242424243,0.0480205073651479,0.1744177531480052,0.0288997486036347,0.1186858535102349,0.067070789920597,0.0971985166220543,0.0196137175456574,0.1280912389946047,0.1152241643829136,0.1282501713462977,10_sp_aij_22,36656,0.1,10,3049,10,50,even
5,3.0303030303030303,0.0576628234435987,0.1990933451103705,0.0454748331118881,0.1713956819258489,0.0610673314245275,0.0907904938360781,0.0291094442480163,0.1284076782849934,0.0806224406986564,0.1694253017852599,10_sp_aij_22,36656,0.1,10,3049,10,50,even
6,3.6363636363636367,0.0686289071574997,0.2069144582138466,0.0635304578744047,0.1657958315502617,0.0609969526117772,0.0733157124708462,0.0405954125837945,0.1451213411543157,0.0559548652148075,0.1735777721365729,10_sp_aij_22,36656,0.1,10,3049,10,50,even
7,4.242424242424242,0.0724150483063601,0.1914340917039679,0.0812659122989855,0.1611791424693995,0.0669616141391388,0.0819376211721333,0.0403935713548348,0.1557097932526545,0.0469544956085149,0.2687381936344788,10_sp_aij_22,36656,0.1,10,3049,10,50,even
8,4.848484848484849,0.0841290361381443,0.2285566462674099,0.1432411339569444,0.1910109571525706,0.0702996824127488,0.0975171851697529,0.0473099246671925,0.1487786459363255,0.0445504333610572,0.2599785631656674,10_sp_aij_22,36656,0.1,10,3049,10,50,even
9,5.454545454545455,0.0757645912624341,0.2428925224916819,0.2112235224305916,0.2034042407317719,0.0974805258431372,0.1241757620305651,0.0352617308496711,0.1708626370112755,0.0369916866103204,0.3456812275742954,10_sp_aij_22,36656,0.1,10,3049,10,50,even
10,6.0606060606060606,0.0964514917877285,0.2418690808923817,0.2165639535122771,0.198072827996548,0.0972452653410279,0.1163560495122966,0.0406891877862123,0.1816030772870391,0.0328386023236562,0.3854747081867813,10_sp_aij_22,36656,0.1,10,3049,10,50,even
11,6.666666666666667,0.122956924474843,0.2367874187389885,0.2344482585858058,0.1591290488741669,0.0910832457629349,0.1018933758859921,0.038690608365536,0.1722636964598839,0.0280264700898827,0.3507771336000224,10_sp_aij_22,36656,0.1,10,3049,10,50,even
12,7.272727272727273,0.1114569833415521,0.1817048120527475,0.2994205342982111,0.1763623816832731,0.0761246836931312,0.1081463165512623,0.0359206057734237,0.1693135745618395,0.0179369437092208,0.3111918445467034,10_sp_aij_22,36656,0.1,10,3049,10,50,even
13,7.878787878787879,0.1160778547390391,0.2045177274941189,0.3365914868901991,0.1514983593315182,0.0932453485552456,0.1144132744044253,0.0285365896294354,0.200599356728849,0.0150833834623186,0.3316214722974135,10_sp_aij_22,36656,0.1,10,3049,10,50,even
14,8.484848484848484,0.0935590423321949,0.2144762686792576,0.2746302557700665,0.1404988191487148,0.0997430570008185,0.1151562441723873,0.0238400719659014,0.214722383369237,0.0137402870227086,0.3269171385718089,10_sp_aij_22,36656,0.1,10,3049,10,50,even
15,9.090909090909092,0.0590230320757167,0.2255257894759565,0.2779853817754168,0.119270414321871,0.1193910535665253,0.1089667255579712,0.0201639634456873,0.2309487961639892,0.0146725956046199,0.2885127972328362,10_sp_aij_22,36656,0.1,10,3049,10,50,even
16,9.696969696969695,0.0486939732537552,0.2215688571831645,0.2980830259162849,0.1249138236725846,0.1574513227460359,0.0992195490175395,0.0217061463478392,0.2724956575117342,0.0158351498430287,0.2004997963962694,10_sp_aij_22,36656,0.1,10,3049,10,50,even
17,10.303030303030305,0.0398344442422341,0.27236320086222,0.2561559853302649,0.1086877588374579,0.1805713445663689,0.1125935044095513,0.0225162665158893,0.264367005745396,0.016270377971096,0.1949009499205135,10_sp_aij_22,36656,0.1,10,3049,10,50,even
18,10.90909090909091,0.0341649347779005,0.3085456029682515,0.2607092103473496,0.0829025376394584,0.1976062650340985,0.1075005437505737,0.0233677420172488,0.2541846696937629,0.0182549258138066,0.249257014245089,10_sp_aij_22,36656,0.1,10,3049,10,50,even
19,11.515151515151516,0.027338155638886,0.2548378945173531,0.3492634547126966,0.1119398145018568,0.236872633241295,0.1489511567093304,0.0224744202810163,0.2781187263521882,0.0189662187884685,0.3027060807280106,10_sp_aij_22,36656,0.1,10,3049,10,50,even
20,12.12121212121212,0.0269524862503146,0.3000947315554214,0.3228089149316406,0.1272222787909245,0.2721195682557875,0.1667400373403011,0.0264533877396285,0.281989667265486,0.0190728672716653,0.3503620888620765,10_sp_aij_22,36656,0.1,10,3049,10,50,even
21,12.727272727272728,0.0244933713128947,0.2257996089000269,0.3928163163923852,0.1463392235442801,0.2697102127953524,0.1508083970235509,0.0254564305066112,0.300510332784205,0.0240730010937976,0.3549463092208439,10_sp_aij_22,36656,0.1,10,3049,10,50,even
22,13.333333333333334,0.0204552843785655,0.284871091672347,0.4315827536394561,0.1439958146405532,0.2191419675982645,0.1826146593003316,0.0272685550340213,0.3571649965489488,0.0378112468600608,0.3394169952294567,10_sp_aij_22,36656,0.1,10,3049,10,50,even
23,13.93939393939394,0.0217678054859778,0.3443993141404671,0.3078503732978934,0.1340351431370282,0.2493389903009864,0.1813674585340748,0.034565556278101,0.4002943160540839,0.0499003835228968,0.2897274709072417,10_sp_aij_22,36656,0.1,10,3049,10,50,even
24,14.545454545454549,0.0212836476606757,0.3492714641731953,0.3687251521725389,0.1409828398675088,0.2604286678782101,0.1741857384946096,0.0423445836476821,0.2890676844209544,0.0591574622499433,0.317892208883413,10_sp_aij_22,36656,0.1,10,3049,10,50,even
25,15.151515151515152,0.0238633499819183,0.3313242696830002,0.3144099383230195,0.1435547597645751,0.2445921187393465,0.1669260899684592,0.0356194240068975,0.2725186060868272,0.0743863730019956,0.3562251557641533,10_sp_aij_22,36656,0.1,10,3049,10,50,even
26,15.757575757575758,0.0214364970879039,0.2526031886190662,0.3094880172596265,0.1491830586779405,0.2498007648112455,0.1423268720204525,0.0292672452268729,0.2763433224609191,0.0819785146958732,0.3636209234807706,10_sp_aij_22,36656,0.1,10,3049,10,50,even
27,16.363636363636363,0.0244292062368943,0.2359633963143755,0.367138016798414,0.1601380648959251,0.2564321221464059,0.150424251860282,0.024075362030138,0.3524408125721067,0.1036322949295839,0.3920818030657371,10_sp_aij_22,36656,0.1,10,3049,10,50,even
28,16.96969696969697,0.027995774698557,0.2729012890592165,0.4235076830333554,0.1497300721674694,0.2497132659200194,0.1509701977447621,0.0248433294698388,0.2968599838229564,0.1099998989723156,0.3605228435307148,10_sp_aij_22,36656,0.1,10,3049,10,50,even
29,17.575757575757578,0.0279976413001444,0.4602150185352462,0.3555549450864028,0.1649220786847084,0.2350749749347504,0.1760116254592992,0.0304419016940533,0.3134816766945705,0.1248926649106922,0.3704868072408344,10_sp_aij_22,36656,0.1,10,3049,10,50,even
30,18.181818181818183,0.0247502995607636,0.3518678586962175,0.342611641753852,0.1714487209971821,0.3036253590383917,0.2035991304650331,0.0302461384373853,0.3483859463289027,0.1123984710116754,0.3517799598315221,10_sp_aij_22,36656,0.1,10,3049,10,50,even
31,18.78787878787879,0.0277712440562758,0.3833116806603139,0.4044933759786169,0.1650043639318179,0.2941435862921087,0.2022860249014831,0.0389378421644946,0.3061771244756036,0.1173885985915416,0.3283408573832831,10_sp_aij_22,36656,0.1,10,3049,10,50,even
32,19.393939393939394,0.0304170186729267,0.3703117102097941,0.4005010023623491,0.1715779852497126,0.3319840815925594,0.1829824849510161,0.0393545671556797,0.3031460811277591,0.1175032620499319,0.2768745581671215,10_sp_aij_22,36656,0.1,10,3049,10,50,even
33,20.0,0.0300191795122575,0.4038127015074175,0.3204036908564986,0.1877217412438582,0.2542742826627278,0.1909418768419805,0.0485424355999814,0.2832302249789897,0.1100111468387149,0.3114242447075517,10_sp_aij_22,36656,0.1,10,3049,10,50,even
34,20.60606060606061,0.0290994257750746,0.4224822837031159,0.3825428445561675,0.1862569950205259,0.3142722031485313,0.196707216441941,0.0571844658675805,0.2693493117060032,0.1014029846581363,0.3753211506604529,10_sp_aij_22,36656,0.1,10,3049,10,50,even
35,21.21212121212121,0.0358483194639541,0.3829550802526906,0.3619113083937272,0.1971332276460389,0.2596494152360815,0.1871122956010823,0.0502063796361989,0.357401615528877,0.0953351022423047,0.3370285210641722,10_sp_aij_22,36656,0.1,10,3049,10,50,even
36,21.81818181818182,0.0371142384799515,0.2659739348623735,0.4056517206038986,0.1973143565809574,0.30735885791215,0.1822859234817231,0.0531722688580491,0.260322629322454,0.1130848046973637,0.3077204343181464,10_sp_aij_22,36656,0.1,10,3049,10,50,even
37,22.424242424242426,0.0329849279459945,0.3470649601851067,0.4237667714872392,0.1887703123802168,0.2268725128503455,0.1653203154861248,0.0403647062782234,0.2777353745183362,0.1040482281102393,0.3101990449221207,10_sp_aij_22,36656,0.1,10,3049,10,50,even
38,23.03030303030303,0.0279789915044282,0.3619897338168588,0.3778073103498983,0.1777254473531722,0.2351993157584523,0.1565932405051683,0.0368856609037851,0.238122991268712,0.0824746322432879,0.3830178130734437,10_sp_aij_22,36656,0.1,10,3049,10,50,even
39,23.63636363636364,0.0329205200582243,0.4709590048777379,0.4133413430712703,0.2023062431768857,0.2548627217016099,0.1207895682531055,0.0405471763513901,0.3122023954828555,0.075344419276147,0.383359880749031,10_sp_aij_22,36656,0.1,10,3049,10,50,even
40,24.24242424242424,0.0348142158317338,0.372575944405711,0.3251535371799171,0.1757388908623814,0.2695728370513366,0.1449798081644517,0.0363142403817781,0.2958180804834206,0.0672670860162049,0.3105709167255988,10_sp_aij_22,36656,0.1,10,3049,10,50,even
41,24.848484848484848,0.0363293560033392,0.2971946266380124,0.3867107847183448,0.146782355920606,0.3028808130048437,0.1478977857148019,0.0387263529616014,0.2273585570406232,0.0622375285989102,0.3015037941487,10_sp_aij_22,36656,0.1,10,3049,10,50,even
42,25.454545454545457,0.0388806011392033,0.290296795628406,0.3957851661574047,0.1323359428133264,0.2809726752392146,0.1680337295252318,0.0318666012243541,0.257523673554873,0.0650148870341308,0.4092528935272078,10_sp_aij_22,36656,0.1,10,3049,10,50,even
43,26.060606060606062,0.040629699606854,0.304949210856491,0.3129926356838347,0.1617087515705431,0.3178152107592327,0.1535369907684709,0.028164347501871,0.2875197851968023,0.0866201892031785,0.4793590594585642,10_sp_aij_22,36656,0.1,10,3049,10,50,even
44,26.666666666666668,0.0426486544550674,0.281811030623228,0.3410453973586271,0.1402198323519037,0.3398325636843479,0.1632104579781005,0.0285549013577712,0.2746697837008501,0.0804277843184906,0.4241033743395389,10_sp_aij_22,36656,0.1,10,3049,10,50,even
45,27.272727272727277,0.0454204556093563,0.2560059508482321,0.3711483060979092,0.1453312089601685,0.2851007137197776,0.1917674258803231,0.031947003253784,0.2774944572663143,0.0859215119535718,0.3536439566409158,10_sp_aij_22,36656,0.1,10,3049,10,50,even
46,27.87878787878788,0.0360304101339781,0.2930912115490535,0.3889390461718877,0.1720071376728838,0.266692103166148,0.2128354497080105,0.0334375761816237,0.2607332029020819,0.0916845345664909,0.368628653605225,10_sp_aij_22,36656,0.1,10,3049,10,50,even
47,28.484848484848484,0.0342039291660911,0.3449084327051678,0.3435612315568325,0.2162093871782639,0.2514996476007278,0.1789206988245259,0.0331806422601969,0.2977037223191823,0.0846739583637404,0.4053104421282701,10_sp_aij_22,36656,0.1,10,3049,10,50,even
48,29.090909090909093,0.0347460961535527,0.3175207815476469,0.3300548845535618,0.1684264247274823,0.2173875557152819,0.1689903605236478,0.031081899260451,0.3208472259706562,0.0660909283748924,0.4527691717299467,10_sp_aij_22,36656,0.1,10,3049,10,50,even
49,30.0,0.0317370886042743,0.3216116069883261,0.381320001318739,0.2005984620705893,0.2082278980257819,0.1714898975114953,0.0226944699724429,0.2872261108844068,0.0695334259337211,0.3351726465241505,10_sp_aij_22,36656,0.1,10,3049,10,50,even
50,0.0,0.06,0.09,0.02,0.06,0.03,0.03,0.04,0.03,0.02,0.03,10_sp_aij_22,416304,0.1,10,3049,10,50,even
51,0.6060606060606061,0.0552645463494805,0.0887291653700952,0.0323466858400522,0.0700917712375398,0.0295520813645536,0.0308900840082448,0.0420508831488853,0.0362313515965834,0.0184271971082807,0.0320381321129264,10_sp_aij_22,416304,0.1,10,3049,10,50,even
52,1.2121212121212122,0.052316166881065,0.1090998474088275,0.0523939217796875,0.1328201061971513,0.026603665490314,0.0428979172099217,0.0460764436391597,0.0370613723793371,0.0188927785312958,0.0479042112507592,10_sp_aij_22,416304,0.1,10,3049,10,50,even
53,1.8181818181818183,0.0717969511448733,0.1094489381969272,0.0406723288019525,0.1853123863165295,0.0249994122093699,0.0506697985563945,0.0508813129025997,0.0516445118749593,0.0139634480102813,0.0849393721270114,10_sp_aij_22,416304,0.1,10,3049,10,50,even
54,2.4242424242424243,0.0757534880577799,0.0966159640160931,0.0472613454033098,0.2199937898482689,0.0345861098884161,0.0470575665021482,0.0602434804529955,0.0484900213919678,0.0118276303780284,0.1292632704340195,10_sp_aij_22,416304,0.1,10,3049,10,50,even
55,3.0303030303030303,0.0970608631422892,0.0924311147448801,0.0788789480826863,0.2243988591642316,0.0362626785564292,0.0780827695171148,0.065144813634089,0.0671389402317355,0.0100849838705092,0.2000373787321086,10_sp_aij_22,416304,0.1,10,3049,10,50,even
56,3.6363636363636367,0.0917418719448752,0.0781461323084097,0.092943662471792,0.2143898678823438,0.0373232689769489,0.0810334993205313,0.067731972292822,0.0900109441240702,0.0078973690042543,0.1857136203730689,10_sp_aij_22,416304,0.1,10,3049,10,50,even
57,4.242424242424242,0.0846190450812943,0.0863788426246306,0.0876964219443145,0.2040720389249624,0.0386231679955663,0.0860394074776538,0.0738038688581432,0.0951602872460042,0.0063270945862944,0.2630746977462249,10_sp_aij_22,416304,0.1,10,3049,10,50,even
58,4.848484848484849,0.1220187426720316,0.0965296662845092,0.1046952678192147,0.2145569687603712,0.0359464341032666,0.0893803773121806,0.0669381416494141,0.146016226706876,0.0051816419745584,0.3150258734952629,10_sp_aij_22,416304,0.1,10,3049,10,50,even
59,5.454545454545455,0.1342401353209368,0.1013341497815495,0.1533723336032647,0.2389856518925771,0.0425709287699109,0.0981327389857058,0.0805009222982243,0.1668982804346167,0.0037788680343876,0.3379398421736809,10_sp_aij_22,416304,0.1,10,3049,10,50,even
60,6.0606060606060606,0.1186238200090145,0.1129420110058414,0.1558236285322706,0.174571777764605,0.0456880396745263,0.0876424514970981,0.0648447378182231,0.1564609965409215,0.0029884933256934,0.3230173750254415,10_sp_aij_22,416304,0.1,10,3049,10,50,even
61,6.666666666666667,0.1117657182043743,0.1328197031776549,0.2031687219442028,0.1802938805212749,0.0463187111096088,0.0999697336254755,0.0730667201951943,0.2214927087614681,0.0028443020180795,0.3009823376403708,10_sp_aij_22,416304,0.1,10,3049,10,50,even
62,7.272727272727273,0.1116188243316094,0.1290170130581681,0.2153012164605284,0.1622032959648144,0.0540781806222343,0.1535574721881121,0.0585605617778502,0.2006893129838715,0.0028780734204591,0.2601871321606055,10_sp_aij_22,416304,0.1,10,3049,10,50,even
63,7.878787878787879,0.117217403147021,0.1373495688198894,0.1899164235546273,0.1849049825056215,0.0542190633954898,0.1623404912101112,0.0683813158145659,0.2967584610592564,0.0044535106181354,0.3351252458810964,10_sp_aij_22,416304,0.1,10,3049,10,50,even
64,8.484848484848484,0.0933168846327202,0.19926511427473,0.2048840299688897,0.150467066727478,0.0793536308380897,0.134815518395803,0.0813165810340473,0.2707599454240074,0.005138639979712,0.344271891557562,10_sp_aij_22,416304,0.1,10,3049,10,50,even
65,9.090909090909092,0.1142029139651383,0.2128257598106832,0.2467841756452738,0.1582707041358972,0.1026497383300299,0.11485058342062,0.0799365629422815,0.2185185518499346,0.0067436685328625,0.3478095373757389,10_sp_aij_22,416304,0.1,10,3049,10,50,even
66,9.696969696969695,0.1231689462132065,0.2714895235024455,0.2515949759789354,0.1359985880531531,0.1102286677004231,0.1089270291381976,0.0646148174240018,0.2548630895965896,0.0063225495081024,0.3213263593034516,10_sp_aij_22,416304,0.1,10,3049,10,50,even
67,10.303030303030305,0.1157699679847909,0.2556349941121141,0.2138635249349983,0.1313669021477038,0.1161585466641552,0.118338002439483,0.061078080485655,0.2364009994128518,0.0063446297655574,0.3023941233967914,10_sp_aij_22,416304,0.1,10,3049,10,50,even
68,10.90909090909091,0.1057722623565285,0.2484874176857462,0.1990531556250384,0.1302241293042356,0.1199660602164768,0.1092471455628727,0.0426959818064347,0.2629817993457092,0.0051034802033144,0.3633438032495988,10_sp_aij_22,416304,0.1,10,3049,10,50,even
69,11.515151515151516,0.0941351719231546,0.2601152284665244,0.1951897257019813,0.1279433612055754,0.156278633666123,0.0956306116934668,0.0440372644891559,0.2890114777902519,0.0067651802573088,0.3372701114612866,10_sp_aij_22,416304,0.1,10,3049,10,50,even
70,12.12121212121212,0.0894829816176967,0.2445636722132567,0.2665950139298038,0.1080269988777413,0.1856074158518355,0.1015532148004163,0.0394035156109651,0.2141815449189993,0.0081522089108117,0.3350520914449186,10_sp_aij_22,416304,0.1,10,3049,10,50,even
71,12.727272727272728,0.0771154928517215,0.2045768968405143,0.3004965211576541,0.0894318945535663,0.1790949462051898,0.0876951154682602,0.0427754934044275,0.2468688650442373,0.0105480272384529,0.3674165479416489,10_sp_aij_22,416304,0.1,10,3049,10,50,even
72,13.333333333333334,0.0845806140069264,0.2141992759140718,0.3024351376283659,0.1068636475967859,0.2064090591761926,0.0991317396649943,0.0370672825375393,0.2947467499624752,0.0124024599712086,0.3485740876902084,10_sp_aij_22,416304,0.1,10,3049,10,50,even
73,13.93939393939394,0.0703198266468705,0.2391665691290425,0.3415826822312685,0.0991784322343061,0.198665634742631,0.096366160876267,0.0322160331803563,0.2844028744604785,0.0159132943352634,0.3714162494739841,10_sp_aij_22,416304,0.1,10,3049,10,50,even
74,14.545454545454549,0.0592449619080698,0.3467353205468478,0.3503732176706172,0.1233862490727165,0.2115036605016546,0.0964848899368519,0.0384351858314611,0.270492506847483,0.017179389261496,0.3171056194160058,10_sp_aij_22,416304,0.1,10,3049,10,50,even
75,15.151515151515152,0.0465213671500438,0.2959531117617527,0.2794677589818772,0.1090832241444956,0.2107258447403193,0.0987774171380046,0.0246335481357307,0.2730993941258203,0.0221685502963113,0.3042630218556124,10_sp_aij_22,416304,0.1,10,3049,10,50,even
76,15.757575757575758,0.0462162278658717,0.3353435906976441,0.3332074995213819,0.1149372569232768,0.1927830803734325,0.1069295279178803,0.0198650696510912,0.2616017983394853,0.0254385865526009,0.3499185651672463,10_sp_aij_22,416304,0.1,10,3049,10,50,even
77,16.363636363636363,0.0572754391349369,0.2761750359241842,0.2847755671516909,0.0943936849848228,0.2525754965664388,0.1003104641275157,0.0160213653592537,0.2655913491078931,0.0292265639290342,0.3048350592407696,10_sp_aij_22,416304,0.1,10,3049,10,50,even
78,16.96969696969697,0.0447568282731547,0.2541014225324304,0.3289080914864238,0.1074287055732922,0.2555283121764556,0.1084209374737832,0.0142713839009682,0.3630802228108382,0.0362349440278129,0.3585226448100609,10_sp_aij_22,416304,0.1,10,3049,10,50,even
79,17.575757575757578,0.048952044968219,0.3045972230926987,0.3305020408323004,0.1136286142161894,0.2540041839461998,0.1119271580064838,0.0151591131064425,0.3314705289825406,0.0480009607779626,0.3373654052113246,10_sp_aij_22,416304,0.1,10,3049,10,50,even
80,18.181818181818183,0.0501965055744509,0.3520746032320064,0.3010267317624723,0.113736856864406,0.2487600279711043,0.1277081078233945,0.0192763058012586,0.3487816132357994,0.053520264323455,0.3123510736140085,10_sp_aij_22,416304,0.1,10,3049,10,50,even
81,18.78787878787879,0.0574304271223612,0.3508119705765741,0.2837064012421901,0.1148000093894294,0.2955831187702425,0.1369381409931118,0.0256514067959444,0.2783210802885062,0.0673565048670155,0.2316339937997667,10_sp_aij_22,416304,0.1,10,3049,10,50,even
82,19.393939393939394,0.0547036142555316,0.3850249100052241,0.3018834852242875,0.1255073703880587,0.4040463630176544,0.1221006243698912,0.0215127757762934,0.2855201277890803,0.0752142638790926,0.2647175512019745,10_sp_aij_22,416304,0.1,10,3049,10,50,even
83,20.0,0.0574956131646303,0.4285660981052399,0.2945282096917515,0.150304635342773,0.2741202518117802,0.1122128348190403,0.0188692753748199,0.3485760158694375,0.0703460947871455,0.3167835787697746,10_sp_aij_22,416304,0.1,10,3049,10,50,even
84,20.60606060606061,0.0400298510681498,0.4608595853308409,0.2785716410305313,0.1606808444154346,0.3208984288740462,0.1258691209833341,0.0197982029140391,0.318812985600736,0.0739240952116152,0.3287807048660353,10_sp_aij_22,416304,0.1,10,3049,10,50,even
85,21.21212121212121,0.0324723856105795,0.3545312799386849,0.3411318741958675,0.1211416037439993,0.3342548769868126,0.1332703942063667,0.0178798198839712,0.3012164109729008,0.0876271221959091,0.255463520221518,10_sp_aij_22,416304,0.1,10,3049,10,50,even
86,21.81818181818182,0.0282163558403055,0.410757069483681,0.3730445811777359,0.1134868501329204,0.2887714087381143,0.1672529603389823,0.0200193418013,0.2941877001859334,0.1188014022243685,0.3303290907406571,10_sp_aij_22,416304,0.1,10,3049,10,50,even
87,22.424242424242426,0.0324680670811633,0.4382902591540018,0.3352872914275269,0.1209058489731655,0.2905918447897018,0.1614601539823328,0.0244067920312105,0.3466527123663975,0.1194276312338081,0.2953048429342189,10_sp_aij_22,416304,0.1,10,3049,10,50,even
88,23.03030303030303,0.0355856256860783,0.4091593485701823,0.402537371930505,0.14320599552895,0.3003729181917526,0.1943086402945105,0.0287212302288901,0.284161475471604,0.1168375085019862,0.3297158382615762,10_sp_aij_22,416304,0.1,10,3049,10,50,even
89,23.63636363636364,0.0409823765368158,0.404675717214524,0.4577619935734028,0.2026650045187654,0.3646627634165688,0.1660587484137399,0.0203635550935521,0.2769130874789038,0.1031112318233059,0.3211160380359394,10_sp_aij_22,416304,0.1,10,3049,10,50,even
90,24.24242424242424,0.0453358697477253,0.4258705784003121,0.416940143910128,0.2045766639088742,0.2569598212458408,0.1647818494881353,0.0237727567425691,0.3266338095516675,0.1065148732632686,0.2960459384371656,10_sp_aij_22,416304,0.1,10,3049,10,50,even
91,24.848484848484848,0.0530764923342992,0.3970678411619651,0.3816473343465169,0.1785569022882964,0.2737875277185863,0.1761466804599553,0.0294113130384549,0.3097947925126606,0.1140129851634883,0.3258612382483923,10_sp_aij_22,416304,0.1,10,3049,10,50,even
92,25.454545454545457,0.0441702670076108,0.3762572550950867,0.3730027396496993,0.2243963875339114,0.3227573503345808,0.1772271639424899,0.0355405353190845,0.3072403133367422,0.1101640513724684,0.3346590077936643,10_sp_aij_22,416304,0.1,10,3049,10,50,even
93,26.060606060606062,0.0513172758676054,0.3569311749081441,0.3281374080627279,0.2448921361150072,0.2908488888537075,0.1645154906003846,0.0424413968560301,0.2580689780615797,0.1034198069671396,0.3830113028052253,10_sp_aij_22,416304,0.1,10,3049,10,50,even
94,26.666666666666668,0.0619052083923654,0.3172841344046461,0.3457928370316573,0.2085723398577945,0.2280782746351011,0.1569288409106052,0.0423369750547777,0.2389790452209416,0.0885676598702569,0.423428718511285,10_sp_aij_22,416304,0.1,10,3049,10,50,even
95,27.272727272727277,0.0531556818869262,0.2942672715305219,0.3916732897198403,0.2268295485704433,0.2244835015050024,0.1574580848998809,0.0418977462193477,0.3162245326205672,0.0633379478211878,0.3705392631887596,10_sp_aij_22,416304,0.1,10,3049,10,50,even
96,27.87878787878788,0.0492351506319601,0.3561801928866847,0.4143596434492152,0.2262361378799839,0.2246539603987236,0.2162785629415486,0.0418110699564967,0.3285944918646087,0.0779605154384736,0.2901616951349363,10_sp_aij_22,416304,0.1,10,3049,10,50,even
97,28.484848484848484,0.056337433668561,0.3619135509600547,0.3971755232783348,0.2124219665778764,0.2183366736803657,0.2010005030418021,0.0379914286496998,0.2373162853692204,0.0919995375654853,0.3193762003936755,10_sp_aij_22,416304,0.1,10,3049,10,50,even
98,29.090909090909093,0.0725776927036085,0.405737118589178,0.3786759744490496,0.2166320704983456,0.2530262825933488,0.2080442179962491,0.0356855143380952,0.2839819705742498,0.0823161381347611,0.2890054726294112,10_sp_aij_22,416304,0.1,10,3049,10,50,even
99,30.0,0.0682648656687479,0.3856380294592329,0.4446998683472839,0.181004324130923,0.2821154216595259,0.1466562924388333,0.0244785495664641,0.3058429130939763,0.0756709958931735,0.3767130684088703,10_sp_aij_22,416304,0.1,10,3049,10,50,even
100,0.0,0.02,0.02,0.02,0.02,0.04,0.09,0.05,0.04,0.02,0.04,10_sp_aij_22,2369231,0.1,10,3049,10,50,even
101,0.6060606060606061,0.0246426652803102,0.0256279792127281,0.0294013124710617,0.0386140209343243,0.050181599775082,0.0917523851180003,0.0579194875711819,0.0447047180340003,0.0224041799634152,0.0606045173956511,10_sp_aij_22,2369231,0.1,10,3049,10,50,even
102,1.2121212121212122,0.0309181200907777,0.0313720686752225,0.0312732824463559,0.0663467407533371,0.0540616597649343,0.0915972931314365,0.0634792774810907,0.0552497431608573,0.0305160806981309,0.0790905134226976,10_sp_aij_22,2369231,0.1,10,3049,10,50,even
103,1.8181818181818183,0.0318913331884239,0.0315644975013359,0.0361131562199198,0.0900365790550894,0.0481759476817087,0.1005593442274335,0.0733947142464703,0.0720779904550463,0.0441965222035181,0.1125630565779131,10_sp_aij_22,2369231,0.1,10,3049,10,50,even
104,2.4242424242424243,0.0476363259910539,0.0402194591232686,0.0524700190464706,0.1200104077832279,0.0601563374300612,0.1293889396314949,0.0825536648117254,0.1030366315003425,0.051818223110464,0.1550373766464566,10_sp_aij_22,2369231,0.1,10,3049,10,50,even
105,3.0303030303030303,0.0624348655659178,0.0532557425091051,0.0904758603882689,0.1052422470316582,0.06697120643254,0.13037267891034,0.0979664423060531,0.1193604215076673,0.0526856006812932,0.1822859829177509,10_sp_aij_22,2369231,0.1,10,3049,10,50,even
106,3.6363636363636367,0.0896508592121822,0.0663645883713736,0.1128841383336355,0.1461088923401785,0.0864730457785243,0.1351903388079288,0.0907529902273247,0.1591115800256968,0.0642822924939227,0.2720138727440583,10_sp_aij_22,2369231,0.1,10,3049,10,50,even
107,4.242424242424242,0.1037482028951933,0.0961293810334678,0.1758948836427109,0.169929330023609,0.1077183670111177,0.1278589048434133,0.0761895529600791,0.2212557645173364,0.055244659095033,0.3157464082400501,10_sp_aij_22,2369231,0.1,10,3049,10,50,even
108,4.848484848484849,0.1003630392943748,0.1456241921302365,0.2332852723918313,0.211361582777321,0.1163042805197938,0.1374391708552267,0.0888311372773897,0.2555193201132478,0.0541002036386317,0.2606537836522846,10_sp_aij_22,2369231,0.1,10,3049,10,50,even
109,5.454545454545455,0.1042170281983549,0.2098362849862312,0.2134679173039127,0.2223597948982226,0.1505964504650953,0.1586430839390084,0.0789858027736463,0.2428999505030754,0.0518191816570608,0.3263395783883879,10_sp_aij_22,2369231,0.1,10,3049,10,50,even
110,6.0606060606060606,0.1030525951699291,0.2486660500728028,0.2820301446425577,0.1836419550672779,0.1807200159888015,0.1231384679290676,0.0688020622874373,0.1909579099159995,0.0419660367817881,0.2907166244284076,10_sp_aij_22,2369231,0.1,10,3049,10,50,even
111,6.666666666666667,0.1141978377352569,0.2802478236411076,0.2470060453662038,0.1791524080391515,0.1582127919964474,0.1457704813363821,0.059469864139212,0.2811128334621547,0.0376545665856221,0.3187283931829688,10_sp_aij_22,2369231,0.1,10,3049,10,50,even
112,7.272727272727273,0.1096108500392044,0.312657473534576,0.2543157376221052,0.1613490507006916,0.2117176154394162,0.1377010589510468,0.0560111313862688,0.3157613551737838,0.0387302379870373,0.3122196573337725,10_sp_aij_22,2369231,0.1,10,3049,10,50,even
113,7.878787878787879,0.1043805964223817,0.3843369049260993,0.2804256411966077,0.1497730983263347,0.2636034304503303,0.1471205610651247,0.0500833229288842,0.3069126055515122,0.041235431032448,0.2669260625078475,10_sp_aij_22,2369231,0.1,10,3049,10,50,even
114,8.484848484848484,0.1244821673118789,0.3605259775410317,0.3062311519250223,0.1616584546347429,0.2966737952326825,0.1757927520051904,0.057322323878726,0.3760267720603715,0.0464285617338605,0.3412000248160097,10_sp_aij_22,2369231,0.1,10,3049,10,50,even
115,9.090909090909092,0.1057582858796011,0.3974575956508742,0.3199231524428564,0.1720622021985158,0.3062059499241978,0.1871247698752997,0.0691929247569452,0.3651544985075086,0.0527456853739545,0.3228057721881693,10_sp_aij_22,2369231,0.1,10,3049,10,50,even
116,9.696969696969695,0.0978915543256216,0.3107039966622184,0.2185218483154345,0.1658495201746169,0.3052777098215526,0.2207220260315964,0.0902980724362491,0.3047169602318044,0.054741556375994,0.3139316626317082,10_sp_aij_22,2369231,0.1,10,3049,10,50,even
117,10.303030303030305,0.0776551197267556,0.3255891337640979,0.2841777765364643,0.1240718917379796,0.2057415516713245,0.2059577720475631,0.0636553465397195,0.2858495190591797,0.0543586966936961,0.376074988373851,10_sp_aij_22,2369231,0.1,10,3049,10,50,even
118,10.90909090909091,0.0710027096568853,0.2929597397855327,0.351536746395034,0.1863366164622625,0.1927131606203673,0.1900472825270867,0.0859878335723888,0.2668975045595626,0.0548619428668503,0.3792558305798746,10_sp_aij_22,2369231,0.1,10,3049,10,50,even
119,11.515151515151516,0.0765699107423492,0.3689200905757036,0.3334234190404115,0.2197657843643364,0.2288801605046519,0.1877218031554797,0.0719039861964407,0.2770255815507357,0.0633160680489573,0.4747829999413612,10_sp_aij_22,2369231,0.1,10,3049,10,50,even
120,12.12121212121212,0.0894758934442152,0.3089139929304559,0.3521642373316224,0.2035983302684734,0.2040749490132932,0.1695869958763457,0.0622669705468339,0.2205300787982362,0.0462002379189928,0.3744824592907481,10_sp_aij_22,2369231,0.1,10,3049,10,50,even
121,12.727272727272728,0.1140488378566272,0.2687353772734925,0.3074860083394752,0.1429934891315208,0.1399233134900431,0.1471343457532444,0.0454394376989897,0.25776824960682,0.0366967973245493,0.352954975752261,10_sp_aij_22,2369231,0.1,10,3049,10,50,even
122,13.333333333333334,0.1070195379340922,0.2602066782880867,0.289130874586036,0.152215856479866,0.171702876904449,0.1437174049332151,0.0438504357095633,0.2682733606731824,0.0474118166321928,0.4085812224645569,10_sp_aij_22,2369231,0.1,10,3049,10,50,even
123,13.93939393939394,0.096612579287066,0.2871691374669205,0.3033282926939689,0.1439988369339678,0.1836310410782219,0.1565416092344949,0.0458506052787193,0.2708428574247719,0.0440942590852338,0.4221163320121493,10_sp_aij_22,2369231,0.1,10,3049,10,50,even
124,14.545454545454549,0.0910680645682168,0.2825589203746422,0.405146650351452,0.149581003533072,0.2033854077568999,0.1723399494394613,0.0400917131155943,0.3193995606600074,0.0417757911308301,0.4355438289948374,10_sp_aij_22,2369231,0.1,10,3049,10,50,even
125,15.151515151515152,0.1089526487423447,0.2353531184492683,0.3947861763274195,0.1612804991964904,0.2152267295407178,0.1680036259505856,0.0421253358634358,0.3562987892897624,0.0506256390012186,0.3840793685478803,10_sp_aij_22,2369231,0.1,10,3049,10,50,even
126,15.757575757575758,0.0848802101786148,0.2937635931221142,0.3777606286313286,0.1505442785623854,0.1793130791752474,0.157615544831009,0.0374341254306019,0.3760537587657259,0.0688534083313811,0.3215300571741682,10_sp_aij_22,2369231,0.1,10,3049,10,50,even
127,16.363636363636363,0.0685890521571628,0.3534452487367265,0.3382010969017315,0.1274665143115148,0.2094162695908847,0.1899668443905613,0.0350349908108,0.4196707527768318,0.0767835755851542,0.3584303929632256,10_sp_aij_22,2369231,0.1,10,3049,10,50,even
128,16.96969696969697,0.053148498814145,0.2769323977535157,0.2793844459285974,0.1425001310219908,0.2703746699617849,0.19770613097877,0.0349927736687303,0.3219453931968612,0.0736423191967565,0.3597830902280135,10_sp_aij_22,2369231,0.1,10,3049,10,50,even
129,17.575757575757578,0.0503452550426777,0.2454340528246788,0.2963300535023337,0.1479315944052807,0.322758610965996,0.1717703630262382,0.0425810331317764,0.2991694262705466,0.0883180413788032,0.3636113426566457,10_sp_aij_22,2369231,0.1,10,3049,10,50,even
130,18.181818181818183,0.0530969430305553,0.3143596541022545,0.2574784082434932,0.1324920900273778,0.2606677649067639,0.1437897061455303,0.0423805156163054,0.2900749014453039,0.0662028453304515,0.3923936123546927,10_sp_aij_22,2369231,0.1,10,3049,10,50,even
131,18.78787878787879,0.052980454352067,0.358986640540467,0.374347910796285,0.132744807453798,0.2117129184862855,0.1561416499192081,0.0434415415643595,0.2356539461022272,0.0527003031337535,0.418292657751821,10_sp_aij_22,2369231,0.1,10,3049,10,50,even
132,19.393939393939394,0.070057787696344,0.3373294125294248,0.3815739823396134,0.135750965113819,0.2511025491810233,0.1507634845903083,0.035314353309336,0.2463945674007207,0.0450071673738663,0.4323360785673378,10_sp_aij_22,2369231,0.1,10,3049,10,50,even
133,20.0,0.0839144888831234,0.3152593649625761,0.3155839065842785,0.1183892671787014,0.258199971535692,0.1556365468157013,0.0284779541485267,0.2897284632999107,0.046126222578035,0.3931548959390149,10_sp_aij_22,2369231,0.1,10,3049,10,50,even
134,20.60606060606061,0.0843938778148724,0.3974170531420002,0.3380975416497929,0.1110799021325897,0.2884651418693616,0.1628468662606915,0.0362781453424786,0.289551805449088,0.049216073462947,0.3942430768236985,10_sp_aij_22,2369231,0.1,10,3049,10,50,even
135,21.21212121212121,0.0576411698714386,0.3671674827829436,0.3805965634777429,0.1101790322280172,0.2245169078752184,0.142775974216333,0.0331553071140431,0.325016966459347,0.0506254851711345,0.3637559473108568,10_sp_aij_22,2369231,0.1,10,3049,10,50,even
136,21.81818181818182,0.0594339988098224,0.4138043362359358,0.4600530886539,0.122407841448576,0.2328412019295999,0.1585657043924299,0.0312469430919497,0.3546377201609779,0.052091689258815,0.3592501451071224,10_sp_aij_22,2369231,0.1,10,3049,10,50,even
137,22.424242424242426,0.0463577934453633,0.4031024641251834,0.3936788759940313,0.1726469212151572,0.3389619997432011,0.134157776344606,0.0315861062724105,0.3335295975464625,0.0593845084612128,0.3210568900396101,10_sp_aij_22,2369231,0.1,10,3049,10,50,even
138,23.03030303030303,0.0437045506732303,0.4670456038110044,0.2861716262303774,0.1854404634305289,0.3834312158260184,0.1762669411186019,0.0305649780552736,0.3405745233684411,0.081721009351216,0.2824890930258383,10_sp_aij_22,2369231,0.1,10,3049,10,50,even
139,23.63636363636364,0.047187921037732,0.4415539608442737,0.3771493738816081,0.1823598913979093,0.3707251086440527,0.1767613243891617,0.0351046296456164,0.2899870002719598,0.0990754467211941,0.3083401199195272,10_sp_aij_22,2369231,0.1,10,3049,10,50,even
140,24.24242424242424,0.0503803204572512,0.3928276307794908,0.2924940603658873,0.1452224098413561,0.3604447734526562,0.1996208887380791,0.0418003154338194,0.2979321076404654,0.0939227821461228,0.4287888699469306,10_sp_aij_22,2369231,0.1,10,3049,10,50,even
141,24.848484848484848,0.0454898860263488,0.3430147259786112,0.288521034720618,0.1683842775220878,0.3335807864612419,0.1695793852773806,0.0424346403005948,0.3796351530845361,0.0950501015491485,0.4566674982594433,10_sp_aij_22,2369231,0.1,10,3049,10,50,even
142,25.454545454545457,0.0384368482060715,0.3338909079838372,0.347619940159304,0.1321150004071559,0.2793618827399217,0.1354251950219741,0.0375169706040634,0.3178619712295754,0.0875323549234772,0.4224075952925527,10_sp_aij_22,2369231,0.1,10,3049,10,50,even
143,26.060606060606062,0.0298276239440956,0.3090124639061642,0.3328339456096144,0.1324616098535891,0.2743498392289672,0.1285994951461192,0.0376504465026236,0.3155670553214779,0.0967973297373583,0.3453747859090872,10_sp_aij_22,2369231,0.1,10,3049,10,50,even
144,26.666666666666668,0.0366750264342223,0.2990465735650137,0.4225594556575688,0.1159131533913753,0.2539478759206515,0.1322131847255185,0.0471470901901574,0.314559798970524,0.1000156001970906,0.4383730733690347,10_sp_aij_22,2369231,0.1,10,3049,10,50,even
145,27.272727272727277,0.0298086543113371,0.3401848978698167,0.3637003457920195,0.1210347502557092,0.239349264507466,0.12331454400709,0.0447453782006286,0.3180765402353879,0.1055155975092416,0.3979995792756169,10_sp_aij_22,2369231,0.1,10,3049,10,50,even
146,27.87878787878788,0.0293495072526339,0.3252550230355137,0.4223819259195245,0.1148604585799608,0.245731856850243,0.096874366479572,0.040690873859467,0.3052007217982172,0.0785647207718869,0.3962201035839722,10_sp_aij_22,2369231,0.1,10,3049,10,50,even
147,28.484848484848484,0.0330913723777909,0.3724972386480309,0.3198066666848074,0.1248894439471415,0.2944626658718374,0.0965636234761013,0.0355463275374137,0.3326540817931566,0.0840582543490899,0.2621158811047678,10_sp_aij_22,2369231,0.1,10,3049,10,50,even
148,29.090909090909093,0.0315179899698329,0.4100710770070253,0.3713128745164585,0.1340562760311704,0.304823085692579,0.111733446713877,0.0312207341677838,0.2687754203434331,0.072696800630309,0.2893652604175941,10_sp_aij_22,2369231,0.1,10,3049,10,50,even
149,30.0,0.0402139931952407,0.231631437250081,0.2959974520992653,0.1413895206114759,0.2819435772831872,0.119821346494888,0.030979046972318,0.2969733217006229,0.069541420261544,0.429698875005529,10_sp_aij_22,2369231,0.1,10,3049,10,50,even
150,0.0,0.04,0.08,0.09,0.06,0.06,0.06,0.08,0.03,0.02,0.09,10_sp_aij_22,5140131,0.1,10,3049,10,50,even
151,0.6060606060606061,0.0405618913756853,0.0978844104309657,0.1087310173041972,0.0857711438208772,0.0587331037801102,0.0746101963285947,0.0820594383048816,0.0464311437977034,0.0200175098469106,0.1231137600586584,10_sp_aij_22,5140131,0.1,10,3049,10,50,even
152,1.2121212121212122,0.0457444913862814,0.1093092606530448,0.1657553206427629,0.1268502418017358,0.0560681222917536,0.0786210405713388,0.107412336752954,0.0666307627769502,0.0204734068014968,0.1856962941406048,10_sp_aij_22,5140131,0.1,10,3049,10,50,even
153,1.8181818181818183,0.0613162813180603,0.1309310046077599,0.2005473729782896,0.1249553958275779,0.0487425424212129,0.084795048907294,0.0907489958676847,0.1008218547397873,0.0156141224819532,0.2132475364006528,10_sp_aij_22,5140131,0.1,10,3049,10,50,even
154,2.4242424242424243,0.0979873996025291,0.1466676055976528,0.2557672081924694,0.1754330032651221,0.0456856027852341,0.0774080609090936,0.0907651840138497,0.1041313318985423,0.0120672704310174,0.2312024087141762,10_sp_aij_22,5140131,0.1,10,3049,10,50,even
155,3.0303030303030303,0.1314551841219697,0.1754494659665902,0.2093429964386292,0.2113271130857109,0.0522651593092613,0.0997578154532257,0.0596893697980869,0.1545700245860922,0.0088302998689475,0.226308354427416,10_sp_aij_22,5140131,0.1,10,3049,10,50,even
156,3.6363636363636367,0.1297799346912855,0.1911116889248796,0.1946350191698948,0.1935817193445769,0.0667471091937585,0.0878698816623142,0.052992428191154,0.1604078582421376,0.0074742468355167,0.2738526254124986,10_sp_aij_22,5140131,0.1,10,3049,10,50,even
157,4.242424242424242,0.111562369837069,0.144328955802916,0.1771687863584714,0.1744388433528748,0.0854152411052869,0.1054761471663758,0.0557011360760189,0.2179271986370401,0.0070522594743031,0.2992820980258376,10_sp_aij_22,5140131,0.1,10,3049,10,50,even
158,4.848484848484849,0.1127035705212892,0.1557138129279276,0.2393928372015189,0.1925041850999014,0.1236688405349394,0.1187413775827028,0.0558506316367661,0.2292431850403457,0.0072725473878165,0.2911625633811122,10_sp_aij_22,5140131,0.1,10,3049,10,50,even
159,5.454545454545455,0.0851935894019113,0.1756464922290338,0.2466100472511432,0.1539660050414648,0.1145731570838495,0.1074260357551906,0.0617762201022886,0.2459014076598456,0.0074107965091267,0.2711851612259117,10_sp_aij_22,5140131,0.1,10,3049,10,50,even
160,6.0606060606060606,0.0795582797782639,0.1768785995553495,0.2939770145466077,0.1265900343046153,0.1175685540472232,0.1055908576999222,0.0658070630507687,0.2254655880023353,0.0078128186366453,0.2720672646925957,10_sp_aij_22,5140131,0.1,10,3049,10,50,even
161,6.666666666666667,0.1015402321894599,0.1813510876365836,0.2961188729155195,0.1279675946539495,0.1166494626757547,0.1286039362799946,0.0683998606158076,0.2527177663763027,0.0091369449620413,0.2973150399359045,10_sp_aij_22,5140131,0.1,10,3049,10,50,even
162,7.272727272727273,0.0887414196001538,0.2187424194813771,0.2229210827429084,0.1389440996642462,0.1678133615360796,0.1432787459457561,0.0671173984685037,0.2750150288478669,0.0121513934031296,0.3146892164597108,10_sp_aij_22,5140131,0.1,10,3049,10,50,even
163,7.878787878787879,0.1049346343784522,0.1918996255153318,0.2558372274022638,0.1451270525201241,0.1726229289537163,0.1413380539344958,0.0642180311125602,0.2322519289898258,0.0154829950133381,0.3308347263479149,10_sp_aij_22,5140131,0.1,10,3049,10,50,even
164,8.484848484848484,0.1157065889694635,0.2512447445114507,0.2349308490735056,0.1726294311568579,0.1819043665720136,0.149145063745824,0.0736238033760433,0.2895853665926121,0.0139015345208085,0.2964128122607368,10_sp_aij_22,5140131,0.1,10,3049,10,50,even
165,9.090909090909092,0.1279474464923413,0.3157390785867722,0.2361130408069636,0.195096437032762,0.1974318385123295,0.1543087118457111,0.0938528138427974,0.3259815629096524,0.018304013228699,0.2794281140179919,10_sp_aij_22,5140131,0.1,10,3049,10,50,even
166,9.696969696969695,0.1178706556788499,0.2611946611554526,0.2297030883651923,0.1915371245602682,0.2220405322494767,0.1603088547333457,0.1109132075660529,0.2839607398719069,0.0207178675291418,0.3197845669742908,10_sp_aij_22,5140131,0.1,10,3049,10,50,even
167,10.303030303030305,0.1293942794478718,0.2443676936127198,0.2802284068353187,0.2486487717399554,0.1982852483622651,0.1472340268888318,0.1192650443331916,0.3031296217778476,0.0199557685979689,0.4430538327569572,10_sp_aij_22,5140131,0.1,10,3049,10,50,even
168,10.90909090909091,0.1109020140745596,0.2745116863129564,0.2737651731715734,0.2022888217379297,0.2274539972844086,0.1009553289682125,0.1150946424054658,0.308908943833427,0.0166815624981731,0.4096185867712486,10_sp_aij_22,5140131,0.1,10,3049,10,50,even
169,11.515151515151516,0.1337092752682917,0.2801244588625238,0.2989331582137912,0.1734576888218877,0.2321815931221291,0.1155073368757163,0.1344027217667052,0.2632355133269798,0.0217496150006207,0.3875923925454097,10_sp_aij_22,5140131,0.1,10,3049,10,50,even
170,12.12121212121212,0.1147945457863894,0.2588811835532094,0.3052571951934126,0.178476265584372,0.2320817910913225,0.1210211506555392,0.1315266239895631,0.3375758924276551,0.0221115771936343,0.3695039060726598,10_sp_aij_22,5140131,0.1,10,3049,10,50,even
171,12.727272727272728,0.1034621932889179,0.3111898567600607,0.3170313396164699,0.2146325048409485,0.2100658569399754,0.1545979412300369,0.1212865267572983,0.4032925038456596,0.0221308432529887,0.3707957595828468,10_sp_aij_22,5140131,0.1,10,3049,10,50,even
172,13.333333333333334,0.0874380109323407,0.253900508952107,0.3785005253851238,0.1623273820520119,0.2927531607042798,0.2008870569736775,0.1052877301752134,0.3519415478722472,0.0215054857379595,0.3242116014821203,10_sp_aij_22,5140131,0.1,10,3049,10,50,even
173,13.93939393939394,0.080817955846299,0.3148883159224107,0.2757483639705281,0.1680083138311125,0.2933424401682601,0.1753438238998551,0.1003399253596343,0.3653126383175132,0.0300627369675934,0.3271177606775168,10_sp_aij_22,5140131,0.1,10,3049,10,50,even
174,14.545454545454549,0.0685185366792856,0.3698103839875079,0.2585856806977986,0.1844026062161797,0.3403359216761691,0.1942815949761817,0.1099888205072424,0.22472876857798,0.0416141259575467,0.3686850433570329,10_sp_aij_22,5140131,0.1,10,3049,10,50,even
175,15.151515151515152,0.055803548910228,0.2906271991006972,0.2762524217851738,0.1897610793850402,0.312610074186868,0.1926311156677808,0.1010241994029904,0.3050271338150946,0.0375727318669948,0.2972560231177732,10_sp_aij_22,5140131,0.1,10,3049,10,50,even
176,15.757575757575758,0.0603349556773195,0.2827832544046539,0.3040235468596833,0.2310069767347144,0.2893853783773515,0.1967244549181289,0.0857779671353697,0.337849589861822,0.0420210771583352,0.2708745460981282,10_sp_aij_22,5140131,0.1,10,3049,10,50,even
177,16.363636363636363,0.0572744132002314,0.3590810940949184,0.3333039226247548,0.2229840803863839,0.2908221048797401,0.2155779340305415,0.0980427365600306,0.3269522862436875,0.0418245924489861,0.3429705810512535,10_sp_aij_22,5140131,0.1,10,3049,10,50,even
178,16.96969696969697,0.0710664359616469,0.3315973904834113,0.3663940331140771,0.2437642284198465,0.2401554425471889,0.230556439686656,0.108116171578947,0.3210247629033354,0.0367300703414828,0.4832074515554843,10_sp_aij_22,5140131,0.1,10,3049,10,50,even
179,17.575757575757578,0.075522259022508,0.3185980348118141,0.3914607138880327,0.1924220922743676,0.2233439672481303,0.1392313024021744,0.1338182509980009,0.3409078379669699,0.0419711506145507,0.4425153271775346,10_sp_aij_22,5140131,0.1,10,3049,10,50,even
180,18.181818181818183,0.0946610079621025,0.3355977401934212,0.3544617698847491,0.1795966896585633,0.2252502016423047,0.1423285195365962,0.0899557707306254,0.3103737126781637,0.0348424163157512,0.4075239065668614,10_sp_aij_22,5140131,0.1,10,3049,10,50,even
181,18.78787878787879,0.0924512936070391,0.2778893332333241,0.3034522698576883,0.1961930615760103,0.1986748040546464,0.1524243734002975,0.0775747723497115,0.304880464237236,0.0400909056801073,0.2908772116205481,10_sp_aij_22,5140131,0.1,10,3049,10,50,even
182,19.393939393939394,0.099850445168184,0.3719502324674946,0.3209981488504277,0.2422725499238894,0.2685105395508818,0.2170194030330921,0.0728840591588618,0.3241294222745793,0.0456257807575213,0.2825759853380554,10_sp_aij_22,5140131,0.1,10,3049,10,50,even
183,20.0,0.0770321175609293,0.4021166822111006,0.294835696435242,0.1774605892249608,0.3119394960518418,0.2123949023004067,0.079635566493098,0.3510452923756074,0.0547725637573532,0.3167981030834534,10_sp_aij_22,5140131,0.1,10,3049,10,50,even
184,20.60606060606061,0.0825967777595348,0.460612437940454,0.3082575707947748,0.1693031616564432,0.2518473323268565,0.2059732747330417,0.1019296360061802,0.3661281431853188,0.0669028521242647,0.3765648746437966,10_sp_aij_22,5140131,0.1,10,3049,10,50,even
185,21.21212121212121,0.0872345065309659,0.2762453674142494,0.3253857328150957,0.1571229128236347,0.2619333454251283,0.1812200848008981,0.089862696668796,0.318125679549297,0.0573778436034552,0.3362314219099399,10_sp_aij_22,5140131,0.1,10,3049,10,50,even
186,21.81818181818182,0.0839646589727198,0.2679275274714159,0.2514053463044595,0.1695603104035594,0.2355194956300564,0.134255404730554,0.1039617139354206,0.3437711915811554,0.0707546502928395,0.3237083584952897,10_sp_aij_22,5140131,0.1,10,3049,10,50,even
187,22.424242424242426,0.0844608810204892,0.2870786918187126,0.2765661339296466,0.1789540314757778,0.2353051443912178,0.1222986713299932,0.0778469653095975,0.3017053419926992,0.0814570200835842,0.3450430538882016,10_sp_aij_22,5140131,0.1,10,3049,10,50,even
188,23.03030303030303,0.0626839199907799,0.2844008932933106,0.3101505247020862,0.1898549883428142,0.2701420652351537,0.1701328000041637,0.0796641853578307,0.3060273523588884,0.0811642295750813,0.3317795654828598,10_sp_aij_22,5140131,0.1,10,3049,10,50,even
189,23.63636363636364,0.0573724702678375,0.3286288204250337,0.3376750635434761,0.169799042525398,0.3515984630964074,0.1773014442296527,0.0901478235189397,0.3471820104183215,0.0937172512990153,0.3731781621189786,10_sp_aij_22,5140131,0.1,10,3049,10,50,even
190,24.24242424242424,0.0549991764816215,0.384487038910088,0.3333819196590493,0.1955156501511851,0.3400545904017022,0.191079854882146,0.0888162466632801,0.3543462837354331,0.1027635457740714,0.3252694706135035,10_sp_aij_22,5140131,0.1,10,3049,10,50,even
191,24.848484848484848,0.0660961685249696,0.3887367273838107,0.3638192622792617,0.2011054168906194,0.3230924783407546,0.2128848219265897,0.0900561455412046,0.3238025037003452,0.0758832492449602,0.3837249646889345,10_sp_aij_22,5140131,0.1,10,3049,10,50,even
192,25.454545454545457,0.0605433464809658,0.2821207453925473,0.377676931655114,0.2198825229449749,0.2473391960458796,0.2025973501535124,0.115466301628073,0.3322519833849277,0.085655256831679,0.4309550679385811,10_sp_aij_22,5140131,0.1,10,3049,10,50,even
193,26.060606060606062,0.0582009985922522,0.3041575005141609,0.3289385864021728,0.1765571720076046,0.3326503430104287,0.1827124784251964,0.0938572624535704,0.3200901257491244,0.10492470191235,0.364389425520945,10_sp_aij_22,5140131,0.1,10,3049,10,50,even
194,26.666666666666668,0.0708152938626916,0.265272221838463,0.4054177770840163,0.190639419607982,0.2908973721832021,0.1670053638553107,0.0863621355327481,0.3489166503673328,0.1010868952949803,0.3879384333270423,10_sp_aij_22,5140131,0.1,10,3049,10,50,even
195,27.272727272727277,0.0497049214733113,0.2998045812835166,0.361249856707641,0.1856959893139914,0.3038729371875048,0.1885433241595286,0.0729374039750128,0.4413370167012992,0.1103486473452345,0.447391728874539,10_sp_aij_22,5140131,0.1,10,3049,10,50,even
196,27.87878787878788,0.0521663285444461,0.3716954260214551,0.3973863234616134,0.1664140543353234,0.294233187452311,0.2178881960465079,0.0601620483103475,0.3480641045361324,0.1451230754974222,0.4758043983184965,10_sp_aij_22,5140131,0.1,10,3049,10,50,even
197,28.484848484848484,0.0520656522429346,0.3938596891534234,0.3680318831471776,0.1509680517169237,0.3256337493851958,0.1917240591614576,0.0468009653764161,0.3577003905876477,0.1240974313760146,0.4021509468577198,10_sp_aij_22,5140131,0.1,10,3049,10,50,even
198,29.090909090909093,0.0545634721047905,0.461126839777474,0.3643155671233207,0.1496027197427414,0.3660539068557738,0.1993994620152303,0.0604144157299546,0.2937464616229562,0.1243933830791825,0.455698524529508,10_sp_aij_22,5140131,0.1,10,3049,10,50,even
199,30.0,0.0675838526910421,0.4277620657417069,0.3792450668141734,0.148327444509302,0.3259318232542214,0.1450074101392414,0.0642753133681892,0.3283458455583677,0.0772166483629896,0.4294295715535339,10_sp_aij_22,5140131,0.1,10,3049,10,50,even
200,0.0,0.09,0.04,0.07,0.05,0.06,0.03,0.03,0.06,0.06,0.05,10_sp_aij_22,8493390,0.1,10,3049,10,50,even
201,0.6060606060606061,0.0747116290434832,0.0431850083650695,0.0764049520506801,0.0835549518679932,0.0486989928802742,0.0388946304495676,0.0300491991131729,0.1081564548902206,0.0706013789374918,0.0752689610709316,10_sp_aij_22,8493390,0.1,10,3049,10,50,even
202,1.2121212121212122,0.0650591381628149,0.0660318067332129,0.0913870996839734,0.1120412603665019,0.0532972875293465,0.0536628742316136,0.0244553051090536,0.1401534777788717,0.0749774582985028,0.118451277444419,10_sp_aij_22,8493390,0.1,10,3049,10,50,even
203,1.8181818181818183,0.0638332477705314,0.0899417749389705,0.118445354018504,0.1233120678365876,0.0671856537812163,0.067326714186851,0.0373168089298337,0.2071405698911153,0.0672203846728216,0.1788419143514795,10_sp_aij_22,8493390,0.1,10,3049,10,50,even
204,2.4242424242424243,0.0690970396841327,0.1290805080637626,0.1337260156731497,0.1263751963757844,0.0881352966314449,0.0886727419765802,0.0510305271964092,0.2058990292269889,0.0655782845944458,0.1914213744521498,10_sp_aij_22,8493390,0.1,10,3049,10,50,even
205,3.0303030303030303,0.0873272958997024,0.154007680634142,0.1746053158547363,0.1453911723787116,0.0873914707994672,0.0972619355664313,0.047644313716009,0.2293396463844636,0.0717073551458037,0.2335181511028932,10_sp_aij_22,8493390,0.1,10,3049,10,50,even
206,3.6363636363636367,0.1010404754486691,0.230897511524882,0.2600262198698844,0.1649784749792595,0.1067951578268331,0.1061744636622507,0.045853342060248,0.2178138193006085,0.0546097318194954,0.32550828927087,10_sp_aij_22,8493390,0.1,10,3049,10,50,even
207,4.242424242424242,0.1037033114387942,0.2335650884594744,0.2483074249582183,0.1967368012756283,0.1398835762808012,0.1375471464436922,0.0488366080088787,0.2226112999936882,0.0584147499902952,0.3227514490693713,10_sp_aij_22,8493390,0.1,10,3049,10,50,even
208,4.848484848484849,0.1444726453694819,0.2528730135456979,0.2657266446581759,0.170577328537651,0.1371666260019471,0.1489796871619636,0.0521514582468179,0.2460984078407804,0.0529554810388252,0.3559617297407353,10_sp_aij_22,8493390,0.1,10,3049,10,50,even
209,5.454545454545455,0.1287483188697168,0.2790515194437132,0.35166525632193,0.1333193670746109,0.1785193437954506,0.1600156355067055,0.0530654120574672,0.2643815598891751,0.0335609282398157,0.3926912416791376,10_sp_aij_22,8493390,0.1,10,3049,10,50,even
210,6.0606060606060606,0.1221669523940454,0.3151242378033909,0.2987531006310936,0.1401355411262421,0.1386753439954439,0.1392438417988629,0.0529038624979178,0.2918610782658219,0.032913905808915,0.3624770254958254,10_sp_aij_22,8493390,0.1,10,3049,10,50,even
211,6.666666666666667,0.1029264874051859,0.3174221490029638,0.2863307607271701,0.1719659107515224,0.1416150064827159,0.1361909880890256,0.0597993373271582,0.2335987639400679,0.0300567345679012,0.3889386346593396,10_sp_aij_22,8493390,0.1,10,3049,10,50,even
212,7.272727272727273,0.1110961005923874,0.2473578827766703,0.2913525591253821,0.1228840389673047,0.1447312872775307,0.0976343209601832,0.0509812748066824,0.2049276737369735,0.032594826416688,0.4465186375728869,10_sp_aij_22,8493390,0.1,10,3049,10,50,even
213,7.878787878787879,0.1004195562990486,0.2679838668221815,0.3037626146606266,0.1362992458589958,0.1672825343574733,0.1161093885478599,0.0474005349046721,0.2242399440625028,0.0277654600743306,0.3643506461401292,10_sp_aij_22,8493390,0.1,10,3049,10,50,even
214,8.484848484848484,0.1164413763745198,0.2677892740977421,0.3260170420139023,0.1687755735481196,0.1561308883163338,0.0859778620589537,0.0388275741375591,0.3004254933892248,0.032340601827893,0.4255646810163335,10_sp_aij_22,8493390,0.1,10,3049,10,50,even
215,9.090909090909092,0.0921075510286889,0.2746867896789405,0.3435936459183194,0.1357602516819659,0.1787024257816974,0.0875538236191822,0.0312650601678274,0.290116909011552,0.0305179831604499,0.3924261593882092,10_sp_aij_22,8493390,0.1,10,3049,10,50,even
216,9.696969696969695,0.0906026530049113,0.2829584142995809,0.2819568217738341,0.110136712061485,0.1824101992263759,0.0969878375077563,0.0275058260939345,0.3562086157864914,0.0258046396111111,0.4599942883210084,10_sp_aij_22,8493390,0.1,10,3049,10,50,even
217,10.303030303030305,0.0563337414519903,0.2729199222806461,0.3185951425640468,0.1115158506333194,0.1871886139418149,0.0846410004513706,0.0286952788275838,0.4365687175915589,0.0339598693663936,0.3894611442562836,10_sp_aij_22,8493390,0.1,10,3049,10,50,even
218,10.90909090909091,0.0473206886422209,0.2929553434860573,0.2830900681039243,0.11478693246196,0.2157999029087474,0.1022123346823783,0.0279369358090793,0.3803069451757119,0.0424581032842343,0.3905684410215804,10_sp_aij_22,8493390,0.1,10,3049,10,50,even
219,11.515151515151516,0.0501615980896887,0.335258289567598,0.3042694914205483,0.1017051739090925,0.2674319113800344,0.1133187411780947,0.0287599544602153,0.3535852177823001,0.0516509085992904,0.3765473780039869,10_sp_aij_22,8493390,0.1,10,3049,10,50,even
220,12.12121212121212,0.0554828271968857,0.3294159251932488,0.2898165991938859,0.1067865316223935,0.2471622849889923,0.1094907040690953,0.0283955072800831,0.3199689764584544,0.0647779103284896,0.2716690213624202,10_sp_aij_22,8493390,0.1,10,3049,10,50,even
221,12.727272727272728,0.0495857389511539,0.3626365788377607,0.2637838342204169,0.1180521810911602,0.3339522381215214,0.1127555296170736,0.0304926132677133,0.3348921300236456,0.0554539826126549,0.3434169067967305,10_sp_aij_22,8493390,0.1,10,3049,10,50,even
222,13.333333333333334,0.0460866640594263,0.4152431817997254,0.2671563353504859,0.1274264503541133,0.311490569249831,0.1015734789154715,0.0348941401733831,0.3949051837499173,0.0670593799885435,0.4110231160916582,10_sp_aij_22,8493390,0.1,10,3049,10,50,even
223,13.93939393939394,0.0434026622105968,0.4039436470328734,0.3264746269915769,0.1635133748657592,0.3386777163534916,0.1135505021191334,0.0400015925127866,0.330006656438341,0.0789079765271568,0.4873300236973701,10_sp_aij_22,8493390,0.1,10,3049,10,50,even
224,14.545454545454549,0.0385415455606847,0.4025769311383693,0.3768187118254088,0.1618819629430479,0.2977059861109739,0.1017242915752641,0.0322815630160737,0.3440238300165105,0.0897377084793729,0.4148313477038844,10_sp_aij_22,8493390,0.1,10,3049,10,50,even
225,15.151515151515152,0.0324147584100604,0.4374118123263104,0.4608595874721063,0.1638858860273482,0.2202831028029588,0.1106817960674117,0.028743847549475,0.3203654820353728,0.089323724939263,0.3607103142251971,10_sp_aij_22,8493390,0.1,10,3049,10,50,even
226,15.757575757575758,0.0349983768155706,0.3679650618714262,0.4551183390043486,0.1508341485113704,0.2876437148078939,0.1408487677694244,0.0263302432417212,0.278525412867605,0.0649956593414959,0.3377837062818235,10_sp_aij_22,8493390,0.1,10,3049,10,50,even
227,16.363636363636363,0.0235840333555857,0.3464649616258365,0.4224968873342359,0.1313483790639815,0.2323334407750873,0.1293517468254924,0.0210882468393224,0.3182884775646502,0.0763114984550022,0.3833580015997277,10_sp_aij_22,8493390,0.1,10,3049,10,50,even
228,16.96969696969697,0.0154189402320387,0.3702487240614264,0.3815974974528395,0.1444870489869229,0.2949375982766343,0.132729100235985,0.0207962303030884,0.3280287341427176,0.0806838487511591,0.3068500789433918,10_sp_aij_22,8493390,0.1,10,3049,10,50,even
229,17.575757575757578,0.0148987685113068,0.4195254008316308,0.3408295758492046,0.1767330919274121,0.332275300943215,0.1476636027533122,0.0230905438867419,0.3448918230220099,0.0711408173230924,0.2550669154692074,10_sp_aij_22,8493390,0.1,10,3049,10,50,even
230,18.181818181818183,0.0125444539727986,0.3559678785470084,0.2980751982635313,0.1797691749764582,0.3375037992287276,0.1694478904739896,0.0237922993531632,0.3725801171396205,0.0822994882626995,0.3023410654299671,10_sp_aij_22,8493390,0.1,10,3049,10,50,even
231,18.78787878787879,0.0126558372268237,0.4018875545457147,0.3565835835363511,0.2191845178025009,0.2952589036684531,0.1681245384206388,0.0279343058783517,0.31118718181806,0.079321009261789,0.379285400259045,10_sp_aij_22,8493390,0.1,10,3049,10,50,even
232,19.393939393939394,0.0156514325052001,0.364487076666114,0.3829818709535024,0.2078652567700085,0.3161305669044666,0.1849101918515571,0.0307307583711761,0.2863840945065785,0.0739286328282635,0.3617582425586112,10_sp_aij_22,8493390,0.1,10,3049,10,50,even
233,20.0,0.0145928380042357,0.4706662934059158,0.3709352463236294,0.2162792788697126,0.2642848879274554,0.2042679573426721,0.0252450333267299,0.3097130366165305,0.0930657492397399,0.3620928359324821,10_sp_aij_22,8493390,0.1,10,3049,10,50,even
234,20.60606060606061,0.0211449646182494,0.3958524150613222,0.3056965080086242,0.1623605918101904,0.2548138867095924,0.1784258867105297,0.030049500181505,0.2621158084114164,0.0850327821218396,0.2845290910728763,10_sp_aij_22,8493390,0.1,10,3049,10,50,even
235,21.21212121212121,0.0322611276591435,0.3286936422681248,0.3596219219201477,0.1932027165856239,0.2802730195931129,0.1742373811369376,0.0287358419157799,0.2782841159688086,0.0861759118499458,0.3318194359960472,10_sp_aij_22,8493390,0.1,10,3049,10,50,even
236,21.81818181818182,0.036076064957439,0.2941146276196479,0.4002525227495578,0.1965482935188943,0.3055162019029163,0.2066214784965082,0.0269353506813807,0.2868853689728239,0.0881823851334672,0.3318108403438651,10_sp_aij_22,8493390,0.1,10,3049,10,50,even
237,22.424242424242426,0.0335922010608272,0.379425405253791,0.4624668087212175,0.1608776356889014,0.3381046594987685,0.2072495155586666,0.0290670123866886,0.2923868743369353,0.1020925200398133,0.3248597803226583,10_sp_aij_22,8493390,0.1,10,3049,10,50,even
238,23.03030303030303,0.0272723366438052,0.4221807537938192,0.3665825228348425,0.1395572428902988,0.31012872884666,0.1760514380162884,0.0273987392487511,0.3242225564518322,0.1115706434458733,0.4056459664007535,10_sp_aij_22,8493390,0.1,10,3049,10,50,even
239,23.63636363636364,0.0269215793097832,0.4035594172163196,0.4182464141379745,0.152325699616042,0.2559462880202257,0.1627786570610388,0.026214377986072,0.2843360514824892,0.1014314089303647,0.3548238736915209,10_sp_aij_22,8493390,0.1,10,3049,10,50,even
240,24.24242424242424,0.0358104838726154,0.3784175764177275,0.3367711033802035,0.1329343542399091,0.2799887788879748,0.1567838471190796,0.0335502421384022,0.2640700051545278,0.0908497135607594,0.3177263486483179,10_sp_aij_22,8493390,0.1,10,3049,10,50,even
241,24.848484848484848,0.0411554331804955,0.4069241193898899,0.418074931275699,0.1210997048232608,0.3531951911167498,0.199873333974076,0.0388191428936977,0.2805377214087043,0.0645080786780947,0.4064115571975705,10_sp_aij_22,8493390,0.1,10,3049,10,50,even
242,25.454545454545457,0.0294327314628724,0.3498823146577803,0.3768419276385938,0.140500582402421,0.2851549940493395,0.2161858630649697,0.0362188213088339,0.3001893819411249,0.0576431409488318,0.4822836053066465,10_sp_aij_22,8493390,0.1,10,3049,10,50,even
243,26.060606060606062,0.0328717218494764,0.2710395043687061,0.3238440053414714,0.1411722786438556,0.2571235030228712,0.1828244386281404,0.0351209377164166,0.2470809614020105,0.0713557808479467,0.406736706411453,10_sp_aij_22,8493390,0.1,10,3049,10,50,even
244,26.666666666666668,0.0350718050414113,0.2728708307543092,0.3533478188182066,0.1804838047491448,0.2302189651464798,0.1315018434490076,0.0394643505604552,0.275493836567208,0.116616245919595,0.4380310309701702,10_sp_aij_22,8493390,0.1,10,3049,10,50,even
245,27.272727272727277,0.0331493065357978,0.35316396309733,0.3620936924983849,0.1783631235681369,0.2374835847995105,0.1178432369422333,0.0365825217903243,0.3390861999657737,0.0925756109121687,0.3447118480657847,10_sp_aij_22,8493390,0.1,10,3049,10,50,even
246,27.87878787878788,0.0382539902559631,0.4183916012173697,0.2667521172917724,0.2202011658168262,0.2535244870509633,0.0993320714770178,0.0371992272795121,0.3327743514584548,0.0920968534075766,0.2944861426337341,10_sp_aij_22,8493390,0.1,10,3049,10,50,even
247,28.484848484848484,0.0425349286602942,0.3614445388474958,0.3274925796078253,0.1944503116459039,0.2249183430103305,0.1013445263445514,0.0326667459613738,0.2016767853739394,0.0750640358518413,0.3355371667977148,10_sp_aij_22,8493390,0.1,10,3049,10,50,even
248,29.090909090909093,0.0529091801679959,0.3184852597498774,0.3359522294406808,0.1943326397055764,0.220246645304989,0.082130471008341,0.0320739630251331,0.1769835173326654,0.0752785173526722,0.3400828247055439,10_sp_aij_22,8493390,0.1,10,3049,10,50,even
249,30.0,0.0479655165125964,0.3035182483073957,0.411068027951569,0.1710042536545642,0.2467051210115644,0.1214826437007371,0.0283096993716867,0.2798744954326471,0.0610156830691794,0.2808083212224532,10_sp_aij_22,8493390,0.1,10,3049,10,50,even
250,0.0,0.09,0.09,0.08,0.08,0.08,0.06,0.04,0.01,0.09,0.02,10_sp_aij_22,8982779,0.1,10,3049,10,50,even
251,0.6060606060606061,0.0921601586519076,0.1073047090988638,0.0811716079064538,0.0958281208826499,0.0808773593795947,0.0803526172132573,0.0453492348371019,0.0143207596494924,0.0642092608496339,0.0252293047263168,10_sp_aij_22,8982779,0.1,10,3049,10,50,even
252,1.2121212121212122,0.113386854475616,0.1361021669523083,0.0861046758063347,0.1169105771518377,0.0819375945123581,0.0826977362278291,0.0533527433087706,0.0185343103794835,0.0537512471516223,0.0383402415525002,10_sp_aij_22,8982779,0.1,10,3049,10,50,even
253,1.8181818181818183,0.1023853836366774,0.1366528781556717,0.0884006241685078,0.1578234744511058,0.0997647807078799,0.0857567391105465,0.0493644150240762,0.0299652052711656,0.0476993815989586,0.0789552720351744,10_sp_aij_22,8982779,0.1,10,3049,10,50,even
254,2.4242424242424243,0.1209779988163844,0.1421722940316893,0.0952878604721257,0.1490328221562836,0.0907031533669589,0.1032282502064616,0.0542735166525138,0.042944568903373,0.0318435389751909,0.1418686755351353,10_sp_aij_22,8982779,0.1,10,3049,10,50,even
255,3.0303030303030303,0.1252325283452245,0.1438772985577821,0.1243544086566199,0.1899162243983045,0.0958707959534756,0.1305945175986454,0.0584472974803056,0.0520004902593655,0.023876427287869,0.2478678257204159,10_sp_aij_22,8982779,0.1,10,3049,10,50,even
256,3.6363636363636367,0.1016597600800792,0.1695479282584475,0.1680587758647065,0.1757074866333822,0.0655938189196241,0.1206380239187144,0.0655895512061716,0.0799020978865219,0.0157131720562074,0.338148940386929,10_sp_aij_22,8982779,0.1,10,3049,10,50,even
257,4.242424242424242,0.12602787190232,0.1692735389921968,0.206861593770253,0.1778322293649705,0.0766937130525679,0.1014836565761838,0.0789641169389459,0.0954194481973163,0.0119394096682295,0.3863595447777831,10_sp_aij_22,8982779,0.1,10,3049,10,50,even
258,4.848484848484849,0.1661035465794513,0.1594607716476135,0.218477331388019,0.1965213688671251,0.0946105272181548,0.1075231503238686,0.0706417092856173,0.1454689280269699,0.0078307847700548,0.3809307145756584,10_sp_aij_22,8982779,0.1,10,3049,10,50,even
259,5.454545454545455,0.1704401275022302,0.1695180081222868,0.2361534725169026,0.2128337564555082,0.0986463099271746,0.1179118250732484,0.0622877019953599,0.1706391764483665,0.0053252968521171,0.4302954484799096,10_sp_aij_22,8982779,0.1,10,3049,10,50,even
260,6.0606060606060606,0.1634091386965469,0.1604983691662115,0.2055857894029863,0.1887258879703827,0.13862310724939,0.1330006786544081,0.0408489939607912,0.2126244352825514,0.0035644223242529,0.3794845239031144,10_sp_aij_22,8982779,0.1,10,3049,10,50,even
261,6.666666666666667,0.1681043404734083,0.1731045922124738,0.1853761845319923,0.1995269453527074,0.1220407831340555,0.1216408929813315,0.0463202847729465,0.2432776815274064,0.003201147931652,0.3300360649362643,10_sp_aij_22,8982779,0.1,10,3049,10,50,even
262,7.272727272727273,0.1384318578794399,0.1529037542931178,0.2318127209932021,0.1836253735468672,0.1427463550406389,0.1248952846277899,0.0482630696094373,0.2356097759245888,0.0034139501492816,0.4491718251281249,10_sp_aij_22,8982779,0.1,10,3049,10,50,even
263,7.878787878787879,0.1149749766604513,0.1897100804818805,0.2396966719422954,0.1973617252777226,0.1641125387465221,0.0912772484152778,0.0370183863394261,0.2135208823426193,0.0034815602901375,0.4432828545084813,10_sp_aij_22,8982779,0.1,10,3049,10,50,even
264,8.484848484848484,0.0994852874354054,0.2025092523966505,0.2449360281091174,0.1647813204815637,0.1617533564033265,0.092012852761325,0.0378461288740981,0.2817960519178932,0.0037778673046997,0.401569040817053,10_sp_aij_22,8982779,0.1,10,3049,10,50,even
265,9.090909090909092,0.0783885687999113,0.2221272194503629,0.2531112775118896,0.1668285516248754,0.1945319584368099,0.1221075007851007,0.0324901197821091,0.279361179730902,0.0047498692190441,0.3384379333570977,10_sp_aij_22,8982779,0.1,10,3049,10,50,even
266,9.696969696969695,0.0739102727711961,0.2298710184254738,0.2862694347807213,0.1051749244876262,0.1965730898107229,0.1440470197850413,0.0328323477836285,0.3376987486453919,0.0062599647722301,0.3480280166436297,10_sp_aij_22,8982779,0.1,10,3049,10,50,even
267,10.303030303030305,0.0683353350026793,0.255962781512293,0.3475887085314388,0.1304322840982938,0.2383056107554946,0.1348399624670637,0.0358862767003375,0.2975512774763497,0.0069116530209002,0.377222260818749,10_sp_aij_22,8982779,0.1,10,3049,10,50,even
268,10.90909090909091,0.0786465684722138,0.2926370938990881,0.3681460428840315,0.149628444240657,0.2858282383876278,0.1227312666481282,0.0324642476232435,0.3509716927083042,0.0083363966180571,0.3482828638003878,10_sp_aij_22,8982779,0.1,10,3049,10,50,even
269,11.515151515151516,0.0597434110074197,0.400457599362429,0.3094381058383973,0.1568527530804042,0.2786904586860996,0.1210505002419723,0.0267073379347631,0.3763889639848796,0.0101019437031943,0.3450481080643047,10_sp_aij_22,8982779,0.1,10,3049,10,50,even
270,12.12121212121212,0.0621160590032582,0.3646216796464371,0.2926750728586276,0.1881728084943818,0.2560050601338917,0.1205666762286592,0.040170949574851,0.2781491420934582,0.0137913666637019,0.3385739838272075,10_sp_aij_22,8982779,0.1,10,3049,10,50,even
271,12.727272727272728,0.0640825218554013,0.3464898190481695,0.3083020793005651,0.1788409338443726,0.2311173105518091,0.1292610289918327,0.0418234141961471,0.2089127833303516,0.0172762287225817,0.3907708183913085,10_sp_aij_22,8982779,0.1,10,3049,10,50,even
272,13.333333333333334,0.0585677637281958,0.304675114099225,0.3049792858378911,0.2075543591407658,0.2138312820409749,0.1191199775416412,0.0412385722937031,0.2817389397695479,0.0155429841610753,0.3581356031946972,10_sp_aij_22,8982779,0.1,10,3049,10,50,even
273,13.93939393939394,0.0617216274191382,0.2813084111377681,0.2580525127790437,0.2244722548374912,0.1924049250343856,0.1255534418723451,0.0406990264187869,0.3032740162544142,0.0151100455602068,0.2785907434883088,10_sp_aij_22,8982779,0.1,10,3049,10,50,even
274,14.545454545454549,0.0703656984696177,0.2656518463598671,0.2698120454972392,0.1924573410992076,0.2272869204591118,0.176519990829676,0.0401619208130435,0.2748612029173917,0.0202784032864387,0.2313713638066669,10_sp_aij_22,8982779,0.1,10,3049,10,50,even
275,15.151515151515152,0.0611631752373129,0.314852440666058,0.2314417509751503,0.2147156617578811,0.2339990632774984,0.1999315940186332,0.0591227763481868,0.2561806547487112,0.0238522181556301,0.3260267561531425,10_sp_aij_22,8982779,0.1,10,3049,10,50,even
276,15.757575757575758,0.0638219554696106,0.379069573966326,0.2356211649361312,0.2014985071422772,0.2193874137336707,0.1846132409456555,0.0856341481393186,0.2065657270907337,0.0231559313270653,0.3133986377201225,10_sp_aij_22,8982779,0.1,10,3049,10,50,even
277,16.363636363636363,0.0725854437072843,0.3374306034869653,0.2734874928864516,0.209429914661012,0.2549307976040294,0.1708641596265852,0.1173633271201521,0.1922448644272629,0.0193983878239556,0.3715434801396374,10_sp_aij_22,8982779,0.1,10,3049,10,50,even
278,16.96969696969697,0.0690077296153082,0.2912001023338566,0.3111314265291,0.2331109523405969,0.2170962547017041,0.2150069755849237,0.100088721019748,0.2663570728988954,0.015091101618883,0.3785021376258994,10_sp_aij_22,8982779,0.1,10,3049,10,50,even
279,17.575757575757578,0.0713654303673496,0.4145588340800534,0.3303231077919036,0.2053756046250174,0.1737159061056757,0.1679898294298112,0.087921332027218,0.2500218590707261,0.0111382024190128,0.3707507279543963,10_sp_aij_22,8982779,0.1,10,3049,10,50,even
280,18.181818181818183,0.0740884022712551,0.3669124508231157,0.3210994722475418,0.1610227719944184,0.192654869119038,0.1602826053795107,0.0810508175098727,0.1964457627186636,0.0080332586106329,0.4328132807092639,10_sp_aij_22,8982779,0.1,10,3049,10,50,even
281,18.78787878787879,0.0906188630712332,0.3238603874977829,0.3240180500901417,0.1736414098724748,0.1719918726909939,0.1279847183798985,0.0763688693531896,0.2373891518905836,0.0071566990430681,0.4295796795949781,10_sp_aij_22,8982779,0.1,10,3049,10,50,even
282,19.393939393939394,0.114675028059859,0.2951651512503666,0.398734428888696,0.1774687314931774,0.1403208755501265,0.1219356449469518,0.0605210436987432,0.2234245820500699,0.0070060379836861,0.4100165436583933,10_sp_aij_22,8982779,0.1,10,3049,10,50,even
283,20.0,0.1105090252236447,0.3182581502353233,0.3064670002144796,0.158494033444411,0.1625236308064532,0.1343218752305421,0.0414218900654237,0.2987370308421286,0.0064846392052465,0.3499317011611788,10_sp_aij_22,8982779,0.1,10,3049,10,50,even
284,20.60606060606061,0.1183836928768426,0.2414194401271963,0.3722881704550918,0.1299814022737887,0.2022183915306887,0.1201466971290442,0.0390671081811307,0.2549618000891307,0.0080394301420825,0.3919252001379943,10_sp_aij_22,8982779,0.1,10,3049,10,50,even
285,21.21212121212121,0.0899079143762986,0.2804858792666301,0.3519322600492063,0.0903242315846686,0.2063487548975464,0.1212626789238291,0.0423543925401139,0.3270449940120831,0.0077469001627085,0.3563774491050364,10_sp_aij_22,8982779,0.1,10,3049,10,50,even
286,21.81818181818182,0.0707404167809347,0.3321922662705341,0.2358177983556075,0.112059276308691,0.2034318001220878,0.1192563683939531,0.0464393070798968,0.240462294827196,0.0105322535190605,0.3023029588859099,10_sp_aij_22,8982779,0.1,10,3049,10,50,even
287,22.424242424242426,0.0656675314628802,0.3115587093458613,0.268362692301686,0.1006095103699555,0.2291078026591091,0.1166469550309143,0.0491107240005263,0.2555419472166978,0.0131644546946865,0.2750001049750505,10_sp_aij_22,8982779,0.1,10,3049,10,50,even
288,23.03030303030303,0.0555286326245195,0.2734338493161851,0.2482705039468843,0.1487046776189251,0.2114740891844903,0.1324604672177765,0.0513941976748381,0.2359329444865852,0.0163584312424716,0.292105253199205,10_sp_aij_22,8982779,0.1,10,3049,10,50,even
289,23.63636363636364,0.0553411373208929,0.3770042798146246,0.2540867764974949,0.1454205038959201,0.2196629863487338,0.1061362300619158,0.0584447766235606,0.2121524463337901,0.0138249253482165,0.321040960319809,10_sp_aij_22,8982779,0.1,10,3049,10,50,even
290,24.24242424242424,0.0584808063194669,0.287662269717153,0.2924955975420398,0.1187399838353364,0.2422827976472199,0.1061731813191171,0.0452098451888953,0.2309753373789372,0.0114457434663568,0.352937121540179,10_sp_aij_22,8982779,0.1,10,3049,10,50,even
291,24.848484848484848,0.0543715412076934,0.2729140864382545,0.3109832811564602,0.1276550314369461,0.2479190627470624,0.1181869638106917,0.040684880682542,0.298282226282866,0.0121685282574147,0.3536784476964796,10_sp_aij_22,8982779,0.1,10,3049,10,50,even
292,25.454545454545457,0.0497702616789576,0.2547410386203029,0.3702656069905016,0.1232211510929612,0.2517313888395667,0.1157596615468243,0.0399708445033844,0.3484849546389654,0.0136292739158001,0.3533238728688742,10_sp_aij_22,8982779,0.1,10,3049,10,50,even
293,26.060606060606062,0.0459220700979276,0.3404216484622683,0.3556127745639407,0.1551891600176322,0.2921330737733,0.1454634994541362,0.0413514227755861,0.2571439574268304,0.0175414655105529,0.3538641874907445,10_sp_aij_22,8982779,0.1,10,3049,10,50,even
294,26.666666666666668,0.0481229539619787,0.2784984817004641,0.3475143631269354,0.1366251105630554,0.2615895050348673,0.1280288470477832,0.0394819925292051,0.3213948120572902,0.0208886640465466,0.2940025088830946,10_sp_aij_22,8982779,0.1,10,3049,10,50,even
295,27.272727272727277,0.0422737968255213,0.279000584236854,0.2996242607911121,0.1195211607461067,0.2722945421298247,0.1567344332635001,0.0395983704766535,0.3486570704049958,0.0341534854098591,0.315628319831305,10_sp_aij_22,8982779,0.1,10,3049,10,50,even
296,27.87878787878788,0.0374135522860695,0.2912959128401246,0.2617186481042118,0.142865021119902,0.25959031016861,0.1723585574908278,0.0463689781705545,0.294028592455779,0.0521081988431236,0.3385004381700714,10_sp_aij_22,8982779,0.1,10,3049,10,50,even
297,28.484848484848484,0.0428098649402548,0.3460158366122739,0.3198757438121521,0.1342442795681521,0.2474816051159339,0.1649289931356793,0.0614000277953632,0.2778424008217642,0.0655766431467842,0.4060627884487573,10_sp_aij_22,8982779,0.1,10,3049,10,50,even
298,29.090909090909093,0.057018958566578,0.3094114770306447,0.4548154161810848,0.1449738754909416,0.2868117880270395,0.1958871145656317,0.0714742442099809,0.3211842714041565,0.0496077440442562,0.4538923022054691,10_sp_aij_22,8982779,0.1,10,3049,10,50,even
299,30.0,0.0450774768819527,0.3490958107722594,0.3544912340915602,0.1632855434732092,0.3125963652082823,0.1411492699241884,0.0510849255270743,0.3820227855725203,0.0468016836403789,0.3928641961725455,10_sp_aij_22,8982779,0.1,10,3049,10,50,even
300,0.0,0.06,0.08,0.04,0.05,0.07,0.09,0.05,0.09,0.04,0.05,10_sp_aij_22,9036584,0.1,10,3049,10,50,even
301,0.6060606060606061,0.0832816836398187,0.0830174360755112,0.0501832451714616,0.0768376805205637,0.1025667707820943,0.1225591564440897,0.0648393293671811,0.1030710243949357,0.0400186963121078,0.0791616970923608,10_sp_aij_22,9036584,0.1,10,3049,10,50,even
302,1.2121212121212122,0.0899472553573813,0.1276897263636827,0.0616865237527589,0.1189787073369504,0.1300202448763522,0.1198711939970922,0.0671472749644738,0.1325908363154253,0.0352603447821874,0.1157601248989781,10_sp_aij_22,9036584,0.1,10,3049,10,50,even
303,1.8181818181818183,0.0786508986375034,0.1357166230196391,0.0889442048998547,0.1542182224658796,0.1569209048807475,0.1277731029008192,0.0776188568190387,0.1324191955950978,0.0370779608005997,0.1934889174699152,10_sp_aij_22,9036584,0.1,10,3049,10,50,even
304,2.4242424242424243,0.0780203149433558,0.1691310772819267,0.1094369284774237,0.1458870363970059,0.1754764338578403,0.1332356026487351,0.0969761245231627,0.1436573961291518,0.0394502810973888,0.295670247040059,10_sp_aij_22,9036584,0.1,10,3049,10,50,even
305,3.0303030303030303,0.0815484770478999,0.1755753675824594,0.1726752655154588,0.1401034931923288,0.1885936274088024,0.1385949791674724,0.1134418973074741,0.1837457187275372,0.0351347013106398,0.4151696244137498,10_sp_aij_22,9036584,0.1,10,3049,10,50,even
306,3.6363636363636367,0.0875039143282668,0.1711396812604181,0.2013155101452266,0.1368253319629912,0.1814129550524368,0.1276177315666481,0.1031034153463735,0.1552799282283486,0.0311581077030075,0.4345675704916513,10_sp_aij_22,9036584,0.1,10,3049,10,50,even
307,4.242424242424242,0.0928404697220745,0.1547517017443612,0.2946915667119703,0.1593639925120986,0.2588272138153614,0.1609553511080358,0.110969163106499,0.1928185071824133,0.0314543506683829,0.3595199953590275,10_sp_aij_22,9036584,0.1,10,3049,10,50,even
308,4.848484848484849,0.0658766919709444,0.1853252912709838,0.2679134922425762,0.1607040084428623,0.2597337001284201,0.1472575641593459,0.0999095698238639,0.251936912873669,0.0511940908784642,0.3517586068791257,10_sp_aij_22,9036584,0.1,10,3049,10,50,even
309,5.454545454545455,0.0649494627783522,0.2250110189243246,0.2834691982570392,0.1477069193508521,0.2176214873469688,0.1587231219525799,0.126411682486879,0.257976400829872,0.0544011951059373,0.3405445273949539,10_sp_aij_22,9036584,0.1,10,3049,10,50,even
310,6.0606060606060606,0.0703464055492138,0.3029366345189381,0.2520694898286888,0.1440722674663865,0.1685581701396641,0.1960072911815847,0.1046987675096195,0.2787395497295898,0.0606355745176949,0.3502105761028914,10_sp_aij_22,9036584,0.1,10,3049,10,50,even
311,6.666666666666667,0.0680482164753698,0.3259234289378493,0.3533753000670318,0.133780593296471,0.2408319664007625,0.1821935661124788,0.0869994346810217,0.2395096711563895,0.0792876951478935,0.2804294987060481,10_sp_aij_22,9036584,0.1,10,3049,10,50,even
312,7.272727272727273,0.0581053658805254,0.236644922680936,0.3018885762631484,0.1547590777605774,0.2426597777739862,0.1679246713761429,0.0825436303365391,0.251511038034325,0.0747619923829367,0.3080526004645124,10_sp_aij_22,9036584,0.1,10,3049,10,50,even
313,7.878787878787879,0.0597200998458515,0.2776425633217804,0.293881885288662,0.1639350041445265,0.2131380225101769,0.1467387333327737,0.0669641303559149,0.2622635042232131,0.0847364258302623,0.2718883958759799,10_sp_aij_22,9036584,0.1,10,3049,10,50,even
314,8.484848484848484,0.0615574630949575,0.2422251717028609,0.2965303526789996,0.1971761193786478,0.2391874458041089,0.1571386706603223,0.0649509897277005,0.2508756568835832,0.0633250215656631,0.2906113002760921,10_sp_aij_22,9036584,0.1,10,3049,10,50,even
315,9.090909090909092,0.0590357289841391,0.2623824832222594,0.2571658288078788,0.1878992711364205,0.2221862754192764,0.1780750472231185,0.0701873087484073,0.2393439697365894,0.070290681011007,0.2559661832732518,10_sp_aij_22,9036584,0.1,10,3049,10,50,even
316,9.696969696969695,0.061251334161319,0.2478267481190679,0.2901674462283178,0.185648282522606,0.2502284824623637,0.2064453407534037,0.0796771583250859,0.2517889503616042,0.0637271737047366,0.333484866872998,10_sp_aij_22,9036584,0.1,10,3049,10,50,even
317,10.303030303030305,0.0732113026327663,0.3313291994974719,0.2911078502622963,0.1861609240337952,0.2004687953302364,0.1831381292506453,0.0601014294454979,0.2134409722537847,0.0669234857762086,0.3122104821115952,10_sp_aij_22,9036584,0.1,10,3049,10,50,even
318,10.90909090909091,0.0765937859642728,0.3907948675001119,0.2836271468271605,0.1829742954093987,0.1963769991213517,0.1953412042216922,0.0533935734801283,0.1820815976788407,0.0612059424338123,0.3181316602823907,10_sp_aij_22,9036584,0.1,10,3049,10,50,even
319,11.515151515151516,0.0773678323916852,0.3635441870276298,0.2565717433227585,0.1782886451505089,0.2345528103604415,0.1779618722403431,0.0540999049196366,0.227826338570347,0.0537261209664604,0.4015975720623862,10_sp_aij_22,9036584,0.1,10,3049,10,50,even
320,12.12121212121212,0.0642932957427595,0.3827405806801031,0.3099232236409161,0.1463193239119314,0.2204237950983367,0.1613683661918378,0.0477842576161622,0.1905206447971042,0.0435485099136075,0.3417317126067223,10_sp_aij_22,9036584,0.1,10,3049,10,50,even
321,12.727272727272728,0.0838305204111166,0.4058273814007463,0.3576906800247664,0.1475181799609989,0.2128128205762206,0.1494337479392351,0.0447084378821577,0.2559470513338268,0.0344639814158482,0.3599129175094594,10_sp_aij_22,9036584,0.1,10,3049,10,50,even
322,13.333333333333334,0.0827937607092779,0.3155535526456288,0.333369479507474,0.1644031443980357,0.1743547944870755,0.1553755163913644,0.0420371371760877,0.3121862028577786,0.032189389200682,0.3441954836073566,10_sp_aij_22,9036584,0.1,10,3049,10,50,even
323,13.93939393939394,0.0920849349963004,0.2873175988168443,0.3335994176844879,0.1895936387490027,0.2093119693641649,0.1748390309911726,0.0334958265550851,0.2704922466393612,0.0368777689192678,0.3945508893716654,10_sp_aij_22,9036584,0.1,10,3049,10,50,even
324,14.545454545454549,0.0861848449803295,0.2745815648610762,0.3155580200930202,0.1488357675539733,0.2184655298049058,0.1980801215626908,0.0323261541699357,0.2948844146301174,0.0516169550538814,0.4221749978127126,10_sp_aij_22,9036584,0.1,10,3049,10,50,even
325,15.151515151515152,0.0696373956148029,0.2815613938415172,0.2400590352466376,0.1275635926635706,0.214769355107328,0.166427117326241,0.0276783899989307,0.3059824381463061,0.0505629889126329,0.4652236224618623,10_sp_aij_22,9036584,0.1,10,3049,10,50,even
326,15.757575757575758,0.0844443687519471,0.3162956859276107,0.3125103984750096,0.0893126407337276,0.2347956960928018,0.1595204350881544,0.0316766320333503,0.3126008206669445,0.0537829557286236,0.3680687130885197,10_sp_aij_22,9036584,0.1,10,3049,10,50,even
327,16.363636363636363,0.0803039721453991,0.4163975145136707,0.3414751490422038,0.1173871239067673,0.2958553373318624,0.1380863053454391,0.0435178691631464,0.3853893749707344,0.0605620155937415,0.3816533149186722,10_sp_aij_22,9036584,0.1,10,3049,10,50,even
328,16.96969696969697,0.0865077582829003,0.3479729461449706,0.2464785868389697,0.1566932221525032,0.2852255490047021,0.1485569925069784,0.0443725601508197,0.3342495685262614,0.0689423777246182,0.3693993888241788,10_sp_aij_22,9036584,0.1,10,3049,10,50,even
329,17.575757575757578,0.0842879108619515,0.3652048559384563,0.3232293822131162,0.1856946192947573,0.2904903691736056,0.1788588720907387,0.0402674653804259,0.3928309991334686,0.0766183296192204,0.3816674129337278,10_sp_aij_22,9036584,0.1,10,3049,10,50,even
330,18.181818181818183,0.0829182573648636,0.3260982770555413,0.3825069785429553,0.1791768912159115,0.3419277796934504,0.1672973244678501,0.037767424684178,0.4202707425886103,0.0885299504445194,0.3952545975587221,10_sp_aij_22,9036584,0.1,10,3049,10,50,even
331,18.78787878787879,0.0641361220693987,0.3528227178738801,0.3750529075682999,0.1441281301310877,0.2675675392257939,0.1828598687869983,0.0407093977875267,0.4609756401560099,0.1110098765648282,0.3302040345485647,10_sp_aij_22,9036584,0.1,10,3049,10,50,even
332,19.393939393939394,0.0680160964271292,0.4300814757902748,0.3507584231234107,0.1605165476409964,0.2708438518123063,0.1643233066493643,0.0382836792979622,0.3394756185678033,0.1244745521857817,0.3424375065476884,10_sp_aij_22,9036584,0.1,10,3049,10,50,even
333,20.0,0.0605616584117938,0.4185079771140061,0.4025362361266408,0.1647106498204243,0.2830851370426355,0.1741258811039964,0.029265223944619,0.2358151951224985,0.0900743806187305,0.3035148661219737,10_sp_aij_22,9036584,0.1,10,3049,10,50,even
334,20.60606060606061,0.0708053026942936,0.4097671429985638,0.2688120689179887,0.146354896517001,0.26607081220542,0.1942754795978266,0.0281359854611498,0.3414483650629036,0.0842444758301321,0.3364669454954609,10_sp_aij_22,9036584,0.1,10,3049,10,50,even
335,21.21212121212121,0.0736423245669035,0.4411929375496947,0.2724578187188586,0.150822137036505,0.3243093263503755,0.1863388790726706,0.0291187028037793,0.3454635803364251,0.0885517721084722,0.4296051408383956,10_sp_aij_22,9036584,0.1,10,3049,10,50,even
336,21.81818181818182,0.0669395359348811,0.4275953635271138,0.3298776660243579,0.1618046521646876,0.3123985473403683,0.1835565744772167,0.0300234427790097,0.2806202341274264,0.1093815462349049,0.3848124680736344,10_sp_aij_22,9036584,0.1,10,3049,10,50,even
337,22.424242424242426,0.0772671044046151,0.3477037745215539,0.3708598837709125,0.1656543429637282,0.2991487690980156,0.1878742276830483,0.0318833320676239,0.3011534606182154,0.0953457750043984,0.3742578528995659,10_sp_aij_22,9036584,0.1,10,3049,10,50,even
338,23.03030303030303,0.0715433830871536,0.3385835329461125,0.3844000688518824,0.1603569632586951,0.3697657602967878,0.2196548689229652,0.0307895678503731,0.3602440500159208,0.1057069300082266,0.4396865545375081,10_sp_aij_22,9036584,0.1,10,3049,10,50,even
339,23.63636363636364,0.064176722538838,0.3437155714874553,0.4423332750794289,0.1415256267126554,0.2897708690009737,0.180503186964091,0.0318873916731914,0.3998138154709019,0.1168032608771831,0.3440938018919839,10_sp_aij_22,9036584,0.1,10,3049,10,50,even
340,24.24242424242424,0.0602077242153794,0.3452763185340193,0.4282315594031265,0.1636981772943081,0.3274789496623858,0.2165766135996247,0.0300640207406626,0.4278510436455482,0.120536271215326,0.2828652704532741,10_sp_aij_22,9036584,0.1,10,3049,10,50,even
341,24.848484848484848,0.0770799334703114,0.3651317942579421,0.2676838690421387,0.1566837614075863,0.2951688689821512,0.1570817094876692,0.0340527546759743,0.31112445373941,0.1160257228292059,0.2703522598141179,10_sp_aij_22,9036584,0.1,10,3049,10,50,even
342,25.454545454545457,0.0819346185610027,0.3670110053394448,0.39160720894999,0.1424633162080221,0.3080494795888914,0.1929950351178799,0.0397925534064065,0.2763202957252399,0.1085562074023786,0.3672695456847736,10_sp_aij_22,9036584,0.1,10,3049,10,50,even
343,26.060606060606062,0.0837601509163288,0.478171519327311,0.3116825340493263,0.1508759152549149,0.3052286562520337,0.2128361657127156,0.0374039729302728,0.3338315029815424,0.1019335627521559,0.39288234411857,10_sp_aij_22,9036584,0.1,10,3049,10,50,even
344,26.666666666666668,0.0696382927441352,0.3686757688013967,0.4072382298127241,0.1797361283711049,0.3198355897795604,0.1906296700493306,0.0403317967787318,0.3338857500649559,0.1007564244787962,0.4487041475586398,10_sp_aij_22,9036584,0.1,10,3049,10,50,even
345,27.272727272727277,0.054883628692811,0.370852997420578,0.4758410174074678,0.1671151989601563,0.3603088223793326,0.1828095429188024,0.0446153348343939,0.2671331703504157,0.1045918771894752,0.3877730774988046,10_sp_aij_22,9036584,0.1,10,3049,10,50,even
346,27.87878787878788,0.0402833074671141,0.3854608898325888,0.4357281724226081,0.1523484543899619,0.2770520762908979,0.2246591013699952,0.0436517121952321,0.3437083763200202,0.1287059689452647,0.4168966361923044,10_sp_aij_22,9036584,0.1,10,3049,10,50,even
347,28.484848484848484,0.037819229969937,0.4165226897178661,0.3813760508611259,0.1388496477488578,0.3380803303122869,0.2442936372381973,0.0334902389793183,0.3245169636721004,0.1021156580230161,0.3434890347992447,10_sp_aij_22,9036584,0.1,10,3049,10,50,even
348,29.090909090909093,0.0410732045667882,0.4606342591295735,0.4027511211335948,0.1841535379010011,0.2908320484546312,0.2271746476852766,0.0358442581416839,0.3215359185288695,0.1100401189802946,0.3871058877754399,10_sp_aij_22,9036584,0.1,10,3049,10,50,even
349,30.0,0.0385968977306941,0.3553184279554113,0.3832019306235464,0.188959531521612,0.2268618096171001,0.2100875683097258,0.0317735256595397,0.3273140649981119,0.0835129320809225,0.3524431573776428,10_sp_aij_22,9036584,0.1,10,3049,10,50,even
350,0.0,0.06,0.06,0.01,0.01,0.01,0.08,0.08,0.04,0.04,0.05,10_sp_aij_22,9845126,0.1,10,3049,10,50,even
351,0.6060606060606061,0.0804335600871788,0.0894382697618357,0.0138337478507639,0.0179599218639482,0.0127402959628777,0.0788345482978118,0.0880488998127765,0.057951927252386,0.0372082388428405,0.0776600758642832,10_sp_aij_22,9845126,0.1,10,3049,10,50,even
352,1.2121212121212122,0.0962256639798697,0.084626409386331,0.0164304943810482,0.0293960439492635,0.018011019637833,0.0894106554543872,0.0765725107919879,0.0554463769484398,0.0314160357849103,0.1036023060385178,10_sp_aij_22,9845126,0.1,10,3049,10,50,even
353,1.8181818181818183,0.0936304783103207,0.0840348267673556,0.0266361245160902,0.0502420536550371,0.0204539202683127,0.0896172875074809,0.0997467535752507,0.0724599773526067,0.0312675110203274,0.1566496245049779,10_sp_aij_22,9845126,0.1,10,3049,10,50,even
354,2.4242424242424243,0.1091304156754444,0.0951999442991235,0.0316484429319981,0.0733969469922284,0.0296246341228492,0.0969257550254553,0.0828934600470043,0.0842126985972883,0.0287560316193119,0.194921413219906,10_sp_aij_22,9845126,0.1,10,3049,10,50,even
355,3.0303030303030303,0.1051948489033131,0.1232537481720467,0.0605004159817411,0.1197310311005361,0.0392223186107974,0.0978895615601794,0.0901471961561445,0.0982146286911454,0.0339559708741168,0.2438619696960322,10_sp_aij_22,9845126,0.1,10,3049,10,50,even
356,3.6363636363636367,0.1291409995254647,0.1409987293827213,0.0766679539242295,0.1231016776674935,0.0517211045083873,0.1097748251865447,0.0827965976214425,0.0810774066920883,0.0253995103439603,0.3310183572359965,10_sp_aij_22,9845126,0.1,10,3049,10,50,even
357,4.242424242424242,0.1325917100334998,0.0898954137154912,0.1103493363156751,0.1075219521664716,0.0424137476674714,0.1022267349059137,0.1021411421340081,0.1105265785887163,0.0188307640766299,0.2981037620404663,10_sp_aij_22,9845126,0.1,10,3049,10,50,even
358,4.848484848484849,0.1505815127646782,0.0968307373582847,0.1417108429088506,0.1253396890950425,0.0508814094422415,0.094392639245118,0.1021261199009098,0.1206881340804613,0.0164496113300582,0.3343336939274268,10_sp_aij_22,9845126,0.1,10,3049,10,50,even
359,5.454545454545455,0.1216000868991028,0.1085262651200783,0.1639053312838278,0.1448193543800715,0.0522275012702644,0.0992340303887812,0.1020916197631104,0.095335671952278,0.0165573484288574,0.3228068363182829,10_sp_aij_22,9845126,0.1,10,3049,10,50,even
360,6.0606060606060606,0.1264567766054076,0.1081163432111126,0.1773874138008764,0.1404871807594622,0.0533718710551792,0.1116122524328707,0.0880237157468534,0.1237063587566403,0.0130037583981347,0.3317299118190669,10_sp_aij_22,9845126,0.1,10,3049,10,50,even
361,6.666666666666667,0.1307383686143454,0.132504114617552,0.2280795544302988,0.1351315516145999,0.0707990558790462,0.1115222727285555,0.0737673258653365,0.1752068594568798,0.0114217809440702,0.2825891204830131,10_sp_aij_22,9845126,0.1,10,3049,10,50,even
362,7.272727272727273,0.1287508518317167,0.1278526869028902,0.2157815856085135,0.1326229793324841,0.0648290688121879,0.0926046618909794,0.066950383582014,0.2287184064309072,0.0099576793116576,0.3167494748102197,10_sp_aij_22,9845126,0.1,10,3049,10,50,even
363,7.878787878787879,0.1347430754631472,0.1488159748550256,0.2725825145137815,0.1201776188965982,0.0677913812879326,0.1247649893275869,0.0599336289338114,0.2765088682735073,0.0078037514060717,0.3210707318080151,10_sp_aij_22,9845126,0.1,10,3049,10,50,even
364,8.484848484848484,0.14749017168139,0.1636252046564267,0.2922042565719194,0.1284395198660967,0.0828352247363419,0.1544402304650097,0.0606233341707344,0.3066978866939416,0.0092793808848278,0.3087118203123318,10_sp_aij_22,9845126,0.1,10,3049,10,50,even
365,9.090909090909092,0.1599999019474168,0.2278017993003173,0.3076094613559662,0.1713650840197972,0.1092505378033458,0.1906836017009623,0.0552209759849893,0.3417642034686064,0.0137803166787091,0.3453996741896905,10_sp_aij_22,9845126,0.1,10,3049,10,50,even
366,9.696969696969695,0.1195464177714948,0.2862359340230025,0.3237768351551355,0.1543997203482416,0.1424586476619591,0.2042674311763832,0.0501604669757234,0.3420252450330056,0.0151923690551878,0.370376065180146,10_sp_aij_22,9845126,0.1,10,3049,10,50,even
367,10.303030303030305,0.1354586340994732,0.2883248661986047,0.3300510171762174,0.158867089199955,0.1733828115784828,0.1791265266206552,0.051116287770829,0.2840083846068537,0.0181061331374571,0.3789671808338941,10_sp_aij_22,9845126,0.1,10,3049,10,50,even
368,10.90909090909091,0.11686791503537,0.3874054643753211,0.4057550283180027,0.1605121122134344,0.1951237094257433,0.1767984655105464,0.049772808605589,0.2778279708250972,0.0190113541880135,0.4611955160397007,10_sp_aij_22,9845126,0.1,10,3049,10,50,even
369,11.515151515151516,0.125237362496353,0.4044070741517106,0.4410883215758241,0.1426938139306164,0.1886349462805908,0.1679032915842468,0.0430851310864666,0.3041040074695821,0.0145908517761121,0.3422810879248996,10_sp_aij_22,9845126,0.1,10,3049,10,50,even
370,12.12121212121212,0.1129348887227121,0.450235555534921,0.4227222468801659,0.1012185030000746,0.2126118262786678,0.2097258374521138,0.0373130681232692,0.2932718213799228,0.0132280555150274,0.3773854358231924,10_sp_aij_22,9845126,0.1,10,3049,10,50,even
371,12.727272727272728,0.1221130051890758,0.3725110245299876,0.347861016903938,0.1183829271021133,0.2357789716145607,0.2117778211170888,0.0317776377371898,0.3429327089609273,0.0150938847457797,0.3668945530478904,10_sp_aij_22,9845126,0.1,10,3049,10,50,even
372,13.333333333333334,0.1179170749244413,0.3695020104153497,0.3525955741948213,0.1242061186721436,0.2712346011212903,0.1827129427225256,0.030238715212088,0.3270341058084018,0.0209038547017311,0.4105686917287034,10_sp_aij_22,9845126,0.1,10,3049,10,50,even
373,13.93939393939394,0.0975743339665292,0.3889485823189227,0.3952940987397981,0.1104782015863817,0.2547792008683511,0.1645212079994326,0.0314911537885199,0.3622828607675205,0.0231349454972645,0.4137502362333819,10_sp_aij_22,9845126,0.1,10,3049,10,50,even
374,14.545454545454549,0.105201807045999,0.3393676081789871,0.3889233083613721,0.1195694271925985,0.3303627581121259,0.1312456837469071,0.0276739744861975,0.3649213599845602,0.0198229590240474,0.3754412201074277,10_sp_aij_22,9845126,0.1,10,3049,10,50,even
375,15.151515151515152,0.0984252021812207,0.3854281451230732,0.3247645364629445,0.1177713633244316,0.2821731444073662,0.1286204919471053,0.0263360021772682,0.3263626625152294,0.0224722777880894,0.2779628077160737,10_sp_aij_22,9845126,0.1,10,3049,10,50,even
376,15.757575757575758,0.0988651630763385,0.2620566392055397,0.3000417360396775,0.1417740952436387,0.3213267564688252,0.1535968614400004,0.0325237564934173,0.3825781448512131,0.0240428392431155,0.3157148394131988,10_sp_aij_22,9845126,0.1,10,3049,10,50,even
377,16.363636363636363,0.0800539440854605,0.3054340182471156,0.3127840072095619,0.1374813663682769,0.3228489180755608,0.1679776200880699,0.0408937452951844,0.3301240569026538,0.0353717548534483,0.3824969053822304,10_sp_aij_22,9845126,0.1,10,3049,10,50,even
378,16.96969696969697,0.0813405149275837,0.2984996258561613,0.3938662264738648,0.1079607143752872,0.2433341992020146,0.1736395867176229,0.0486073355042225,0.2963068934646422,0.0390676263215536,0.4412820977399404,10_sp_aij_22,9845126,0.1,10,3049,10,50,even
379,17.575757575757578,0.0711797802491173,0.2750457883951805,0.3824562835193626,0.1233010664340151,0.306537196802608,0.1927895641700542,0.0384323625051565,0.3325285618595457,0.040522643229113,0.4692640688163733,10_sp_aij_22,9845126,0.1,10,3049,10,50,even
380,18.181818181818183,0.0681584593733562,0.3278210955079415,0.5035505130760665,0.127759903312978,0.2910684544071284,0.186604632538694,0.0354547575752413,0.3071388256401166,0.0441602634954722,0.3700757652194039,10_sp_aij_22,9845126,0.1,10,3049,10,50,even
381,18.78787878787879,0.0664438561631883,0.389385510955185,0.4046051431289476,0.1328459143688228,0.3040730745910811,0.2005012764103861,0.0345273445106997,0.2849339651113448,0.0502527260960959,0.3857990144316513,10_sp_aij_22,9845126,0.1,10,3049,10,50,even
382,19.393939393939394,0.0660389018395827,0.2992442819226593,0.3703980085848956,0.1269285993337895,0.2974762438356514,0.1929529390200991,0.0325274437780985,0.3181017229664507,0.0511130804795273,0.4586152007025381,10_sp_aij_22,9845126,0.1,10,3049,10,50,even
383,20.0,0.056436369914402,0.3505597695356848,0.3695166208655301,0.0940372019015421,0.2931380033881231,0.1834462975008549,0.0285200630845192,0.3275636131906799,0.0525999347529569,0.4379016885845497,10_sp_aij_22,9845126,0.1,10,3049,10,50,even
384,20.60606060606061,0.0548111531410805,0.3678571140391253,0.3008003072213739,0.121308565377119,0.3438335721042498,0.1837179768480985,0.0317147199266573,0.3581521950437569,0.044365241147726,0.5207076658631347,10_sp_aij_22,9845126,0.1,10,3049,10,50,even
385,21.21212121212121,0.0435590065328258,0.3903228908978722,0.2862175486490366,0.144410073723505,0.3666667475418113,0.1792801533459748,0.0356318844310986,0.3280076769279147,0.0496166935824104,0.3950204692828684,10_sp_aij_22,9845126,0.1,10,3049,10,50,even
386,21.81818181818182,0.0448323687842671,0.4085418910313765,0.3252226483043289,0.1544892177994326,0.3462360522133945,0.1851577579987681,0.039291006783863,0.3259047148143302,0.0533126001018556,0.423954592382454,10_sp_aij_22,9845126,0.1,10,3049,10,50,even
387,22.424242424242426,0.04947948015329,0.3484008774266067,0.3690830283086085,0.1152049054833082,0.2376865728672977,0.172051131335549,0.0348955108352782,0.2768689028881871,0.0453449493791406,0.4430302030323172,10_sp_aij_22,9845126,0.1,10,3049,10,50,even
388,23.03030303030303,0.0543197420896171,0.3303071312895861,0.365621650996812,0.1202607243832811,0.185952323327291,0.1432407464558598,0.0263667125619374,0.2188870526246089,0.0490445972037754,0.4138776236954926,10_sp_aij_22,9845126,0.1,10,3049,10,50,even
389,23.63636363636364,0.0715566427492217,0.3841725968187122,0.358636487473459,0.1254174393553492,0.1865511805044856,0.1360658092906733,0.0261857681784739,0.2577609948157112,0.0358665316999751,0.4040492522922689,10_sp_aij_22,9845126,0.1,10,3049,10,50,even
390,24.24242424242424,0.0822171122574123,0.4277252496276227,0.41929091622956,0.1214232685212055,0.1868184013176888,0.115662946385344,0.0213767002415932,0.2662806263261146,0.0354225820330562,0.3590955753472141,10_sp_aij_22,9845126,0.1,10,3049,10,50,even
391,24.848484848484848,0.0726166844776765,0.4245643317360536,0.3780044625532673,0.106942752585365,0.2253065864845077,0.1312004690907649,0.0167544920385288,0.2788114825862526,0.0313314491550748,0.3750892697409866,10_sp_aij_22,9845126,0.1,10,3049,10,50,even
392,25.454545454545457,0.0753750197330309,0.3803068713657166,0.3619913040543711,0.0768100288617704,0.2495135597900555,0.1105432423144845,0.0149326258841073,0.2847380155499928,0.02762632970617,0.3373974311257035,10_sp_aij_22,9845126,0.1,10,3049,10,50,even
393,26.060606060606062,0.0627546459442284,0.3384136745812314,0.2651470440140579,0.1115672663152775,0.204552487379325,0.1264211190783258,0.0121126712329713,0.2701453284194695,0.0355013551781615,0.3634864557890978,10_sp_aij_22,9845126,0.1,10,3049,10,50,even
394,26.666666666666668,0.0600691018086716,0.2590650720409861,0.2521646146738265,0.1208531227077605,0.2315060783420542,0.1441684707741431,0.0147417110694362,0.2802272213400825,0.0421041385878311,0.3796461413239008,10_sp_aij_22,9845126,0.1,10,3049,10,50,even
395,27.272727272727277,0.0586037141328738,0.2410787596123204,0.3900641544875488,0.1398531841766387,0.153049249724645,0.1596340706830653,0.014716203253649,0.2918673600231232,0.0465958742120177,0.3773300570272095,10_sp_aij_22,9845126,0.1,10,3049,10,50,even
396,27.87878787878788,0.0610960698531753,0.2423481357190529,0.435035684497209,0.1336982356095016,0.1905374694827593,0.1774195303624399,0.0127055268025817,0.3213581066556509,0.0503325601317596,0.3393140011312364,10_sp_aij_22,9845126,0.1,10,3049,10,50,even
397,28.484848484848484,0.0621444569168881,0.3256522300292571,0.3786345726014636,0.1236985622978022,0.2076732759258026,0.2034696513939506,0.0145245748002467,0.2758742218189494,0.0488404699607083,0.3056431660177062,10_sp_aij_22,9845126,0.1,10,3049,10,50,even
398,29.090909090909093,0.051768775102097,0.3297407409581399,0.3524238464238734,0.1300091639319475,0.2760744683911331,0.1914088019399542,0.0170713147673877,0.3507040013594947,0.0597713062365633,0.353874010884069,10_sp_aij_22,9845126,0.1,10,3049,10,50,even
399,30.0,0.0554583591670648,0.3541670287051589,0.3599072281765165,0.1393234639268028,0.2917429861329446,0.2014267874867944,0.013079277102752,0.3381676055669044,0.0636490436127845,0.2890577932049649,10_sp_aij_22,9845126,0.1,10,3049,10,50,even
400,0.0,0.03,0.04,0.07,0.08,0.06,0.09,0.06,0.05,0.01,0.03,10_sp_aij_22,10488077,0.1,10,3049,10,50,even
401,0.6060606060606061,0.0295715682049102,0.068745257984631,0.0810998085743047,0.1247867660769771,0.0540551556586023,0.0926395813181936,0.0597088988665537,0.070240553336033,0.009694470278485,0.0684207080799812,10_sp_aij_22,10488077,0.1,10,3049,10,50,even
402,1.2121212121212122,0.0350257659457697,0.0901084753953759,0.0763095754004883,0.1614532407197822,0.0635674697643669,0.0997735591032248,0.0606719229639848,0.0869914532546374,0.0100700848523242,0.0796811708802266,10_sp_aij_22,10488077,0.1,10,3049,10,50,even
403,1.8181818181818183,0.0428382788066017,0.145095683741721,0.0886182315427267,0.1752129339892729,0.0610007256174436,0.1351483178140609,0.0908024575859904,0.1049903745980569,0.0105174697458144,0.1485932126842605,10_sp_aij_22,10488077,0.1,10,3049,10,50,even
404,2.4242424242424243,0.0551408557140248,0.1357543531082759,0.0989561770024184,0.1695360232449472,0.0617961502296275,0.1517390028183505,0.0894440079375411,0.1168432424087164,0.0107359265966813,0.1760053087307383,10_sp_aij_22,10488077,0.1,10,3049,10,50,even
405,3.0303030303030303,0.0647033202956718,0.2130923481339908,0.1146211392078833,0.21467497748042,0.0748761985713375,0.1723808686843203,0.1131442838060843,0.1227655029774675,0.010755780837438,0.2759560908976448,10_sp_aij_22,10488077,0.1,10,3049,10,50,even
406,3.6363636363636367,0.1038809745855642,0.2052187044078077,0.1601140568812182,0.2770849986325696,0.081375091174672,0.1871407400547713,0.1268870704790258,0.1081604634296827,0.006989593179942,0.338054471495902,10_sp_aij_22,10488077,0.1,10,3049,10,50,even
407,4.242424242424242,0.1319146925391237,0.1903312379669994,0.202809603547683,0.2884194476729044,0.0847845976914846,0.1681214247959971,0.1275624181371484,0.1363737840367511,0.0050796072126092,0.3738758798303708,10_sp_aij_22,10488077,0.1,10,3049,10,50,even
408,4.848484848484849,0.1606361700017546,0.1761802920624172,0.2303421567920914,0.2456956235788649,0.0885073235153896,0.2038353696526729,0.1232374308021908,0.1699576922107162,0.0038196608960821,0.4159362738313598,10_sp_aij_22,10488077,0.1,10,3049,10,50,even
409,5.454545454545455,0.183900536970139,0.1685100630661336,0.2101234596179829,0.2488339858641175,0.1123294806655247,0.1930415518644571,0.1093084410677305,0.1948499288433002,0.0034174874479589,0.4348086041394628,10_sp_aij_22,10488077,0.1,10,3049,10,50,even
410,6.0606060606060606,0.1842759351454692,0.1545050265388926,0.2837991065498063,0.166651081309664,0.1056337233432678,0.2274651471124403,0.1089380390160881,0.2252509705632017,0.0,0.4116153947902425,10_sp_aij_22,10488077,0.1,10,3049,10,50,even
411,6.666666666666667,0.1874399523665015,0.1683209030354878,0.2365070970931652,0.1422959544672388,0.1017202138006996,0.2209470614149736,0.0740037697605163,0.2990745267440377,0.0,0.433990720285619,10_sp_aij_22,10488077,0.1,10,3049,10,50,even
412,7.272727272727273,0.1544902461544286,0.2190044131401455,0.258309262806456,0.1028744049191568,0.1341029784771789,0.1550292231529598,0.0816547144941599,0.2808443235413355,0.0,0.4338925853280627,10_sp_aij_22,10488077,0.1,10,3049,10,50,even
413,7.878787878787879,0.134302545573874,0.2156917928108988,0.260711835759313,0.0925970142708139,0.1168547728716673,0.1652207385749965,0.0761798841537657,0.2863263680083489,0.0,0.3966002001724446,10_sp_aij_22,10488077,0.1,10,3049,10,50,even
414,8.484848484848484,0.1358054635780226,0.214262214578503,0.2543506998225478,0.0976590754094163,0.1330260067523085,0.1478763949483476,0.0755609532049821,0.3070096929344959,0.0,0.4226211054600523,10_sp_aij_22,10488077,0.1,10,3049,10,50,even
415,9.090909090909092,0.1364625809817564,0.2747144107022511,0.292132575429963,0.1171660500600667,0.1485391737007776,0.1693809100855208,0.0610840124413865,0.2832530007546625,0.0,0.3937442107143824,10_sp_aij_22,10488077,0.1,10,3049,10,50,even
416,9.696969696969695,0.1653817100529439,0.3345152403909608,0.254669694605701,0.1273298453425331,0.20100390860623,0.1834692292769303,0.0462810530469783,0.3534787011208287,0.0,0.400201716896121,10_sp_aij_22,10488077,0.1,10,3049,10,50,even
417,10.303030303030305,0.1321790890792839,0.3014298922496973,0.3492601882989157,0.1263705582265374,0.2057995511450167,0.1372897600053248,0.0474132424011379,0.325934567616138,0.0,0.3427801022686566,10_sp_aij_22,10488077,0.1,10,3049,10,50,even
418,10.90909090909091,0.150750342826158,0.3456803882229161,0.2809290053631471,0.1384758654333214,0.2110381300120611,0.1515532435559893,0.0438139216524837,0.3180717400688777,0.0,0.3459058763739601,10_sp_aij_22,10488077,0.1,10,3049,10,50,even
419,11.515151515151516,0.1148018629270733,0.3410326275734419,0.2761720165427668,0.1686107013526133,0.2457083576976982,0.1884185475760822,0.0490578767908355,0.3203075535726378,0.0,0.429273792760113,10_sp_aij_22,10488077,0.1,10,3049,10,50,even
420,12.12121212121212,0.1058198021623528,0.3757055191605614,0.2996196951977932,0.154283187286128,0.2406709809652295,0.1926541971771591,0.0507693158728965,0.2715509060154796,0.0,0.409482383472925,10_sp_aij_22,10488077,0.1,10,3049,10,50,even
421,12.727272727272728,0.0861262796184654,0.3561853970775027,0.2990148019206887,0.1615182951264843,0.2571814880065459,0.2080182566014022,0.0609833566798963,0.3752017520915917,0.0,0.38258610345278,10_sp_aij_22,10488077,0.1,10,3049,10,50,even
422,13.333333333333334,0.0832587051206371,0.3489267892228491,0.3592623371649588,0.1458835263339346,0.3470277516640694,0.1648974698149508,0.0538979242211864,0.3377805008517455,0.0,0.3717812323766939,10_sp_aij_22,10488077,0.1,10,3049,10,50,even
423,13.93939393939394,0.0633842413058707,0.3580379481698986,0.350230961904405,0.1500865547674306,0.3978801268246165,0.2040719694467802,0.0615815738533029,0.3931460778190355,0.0,0.4105871152182431,10_sp_aij_22,10488077,0.1,10,3049,10,50,even
424,14.545454545454549,0.068107817894024,0.2765137459700316,0.3781544699717288,0.1777593945114333,0.3213732363887235,0.1891032317734761,0.0618026545819868,0.3973638817792518,0.0,0.372046993236546,10_sp_aij_22,10488077,0.1,10,3049,10,50,even
425,15.151515151515152,0.06201702044502,0.4632508251263637,0.3564755616701825,0.1810195864554855,0.3014933975398947,0.1934391367610879,0.0520277225376058,0.3259341976375759,0.0,0.4185324257482027,10_sp_aij_22,10488077,0.1,10,3049,10,50,even
426,15.757575757575758,0.0726474727663989,0.4765340114498836,0.4326821158102822,0.1477403265294558,0.3440426421197158,0.1485437346414968,0.049400020732966,0.3186135595940572,0.0,0.4036608866205283,10_sp_aij_22,10488077,0.1,10,3049,10,50,even
427,16.363636363636363,0.0778086526968722,0.4272920960732995,0.4433634615021947,0.1378970081011404,0.2608212329708274,0.1610353267211095,0.0559134127585086,0.3171084074901656,0.0,0.5038002855820957,10_sp_aij_22,10488077,0.1,10,3049,10,50,even
428,16.96969696969697,0.0687406542733813,0.4562042495677307,0.4045089037583115,0.1447654678690186,0.2459514502204362,0.1549829488238299,0.0418889282169108,0.3181809118367684,0.0,0.3965722514220552,10_sp_aij_22,10488077,0.1,10,3049,10,50,even
429,17.575757575757578,0.0738194843983016,0.2939185284949223,0.2945241259051614,0.1560144453784337,0.2850978468830186,0.1263651775398542,0.0408268282284534,0.3141866676871553,0.0,0.3458128632347954,10_sp_aij_22,10488077,0.1,10,3049,10,50,even
430,18.181818181818183,0.0797079531821425,0.3078670071635362,0.2758035257954684,0.1265174472734687,0.2464729075221985,0.1044358951782409,0.0441262270743621,0.4044864231553589,0.0,0.362866507356909,10_sp_aij_22,10488077,0.1,10,3049,10,50,even
431,18.78787878787879,0.080427633560109,0.2818563741907757,0.2707075558745071,0.1455849887996102,0.2722183964042137,0.1266180778527441,0.0452367587688505,0.3727375643833845,0.0,0.3248578968845161,10_sp_aij_22,10488077,0.1,10,3049,10,50,even
432,19.393939393939394,0.0548904066286338,0.318795346046226,0.2496402145281275,0.1306813839990892,0.2707976288671597,0.1192042452884572,0.0551045219718344,0.212434050761867,0.0,0.3205624085728598,10_sp_aij_22,10488077,0.1,10,3049,10,50,even
433,20.0,0.0551527124597038,0.2608784306855792,0.2065196047422132,0.1500132848501495,0.2336242099865365,0.1139803896519788,0.0600630892101365,0.2610041818584309,0.0,0.268947506165627,10_sp_aij_22,10488077,0.1,10,3049,10,50,even
434,20.60606060606061,0.045166719528148,0.2599270801709503,0.229870794545962,0.1383831626228116,0.224002667642251,0.1318130922087211,0.0778237941929835,0.2362901789356218,0.0,0.2811349489688968,10_sp_aij_22,10488077,0.1,10,3049,10,50,even
435,21.21212121212121,0.0607602681500736,0.2531129155049026,0.1946196350082329,0.135823969805445,0.1857199981425671,0.1392592683337687,0.0692230306758536,0.2106899473773218,0.0,0.3663912323914026,10_sp_aij_22,10488077,0.1,10,3049,10,50,even
436,21.81818181818182,0.0633266470625091,0.2713042446831474,0.215278982527839,0.1630907766838906,0.2031836058637267,0.1574059883755632,0.0853639724303575,0.2491216671219849,0.0,0.3164144356305834,10_sp_aij_22,10488077,0.1,10,3049,10,50,even
437,22.424242424242426,0.0908396789254918,0.2910169747653953,0.2853725928328539,0.1463808065771541,0.1376553599998798,0.1588507993608065,0.0918077906494442,0.302338739299702,0.0,0.375792999827741,10_sp_aij_22,10488077,0.1,10,3049,10,50,even
438,23.03030303030303,0.0858994756161759,0.2932746509466998,0.2390800698757903,0.15058275573685,0.1860414690379139,0.1578441809049567,0.0669579912327083,0.310046401301034,0.0,0.3029714119637865,10_sp_aij_22,10488077,0.1,10,3049,10,50,even
439,23.63636363636364,0.0978899928933185,0.3191387570859891,0.2219061222927282,0.1448244193403206,0.1852439248030958,0.1962947452109726,0.0780848017163146,0.2912629910787026,0.0,0.3575767453587846,10_sp_aij_22,10488077,0.1,10,3049,10,50,even
440,24.24242424242424,0.1013174907466348,0.269394323677853,0.2692964532641762,0.1757284063980578,0.1745565966452908,0.2037695642157401,0.0873184000034741,0.2337552696270931,0.0,0.3573491432619891,10_sp_aij_22,10488077,0.1,10,3049,10,50,even
441,24.848484848484848,0.1110221486556293,0.2348926378867897,0.2842512688182723,0.1765231544922835,0.187616510862613,0.1656945498485423,0.0923268210139681,0.1939169374997483,0.0,0.3654034547470426,10_sp_aij_22,10488077,0.1,10,3049,10,50,even
442,25.454545454545457,0.0963581959039366,0.2395232936871277,0.2962591037614457,0.1509059832094961,0.1746540394149398,0.1232943993813108,0.0693303065656962,0.2525994805648734,0.0,0.486839655307706,10_sp_aij_22,10488077,0.1,10,3049,10,50,even
443,26.060606060606062,0.0998680027610277,0.2408365178952969,0.3130216395094416,0.1631288257860277,0.1599847366188131,0.1370951157304654,0.0700786821190744,0.2730290279910592,0.0,0.3707615215905002,10_sp_aij_22,10488077,0.1,10,3049,10,50,even
444,26.666666666666668,0.084758619153604,0.2043046780839979,0.2788209954251831,0.1556686721629739,0.2114497687277155,0.1359238121735206,0.0582398397737712,0.2804719123955312,0.0,0.3474655791892957,10_sp_aij_22,10488077,0.1,10,3049,10,50,even
445,27.272727272727277,0.0854939370466697,0.2405368718145809,0.3055808586614315,0.1501325530251832,0.2218955036758689,0.1443646079654683,0.0584403600938202,0.3546580434826814,0.0,0.3112310751113892,10_sp_aij_22,10488077,0.1,10,3049,10,50,even
446,27.87878787878788,0.0703724535433435,0.2675772002605354,0.2790759576264728,0.1543328579370403,0.2575601674130945,0.1518615060445224,0.0538417005098457,0.3356208502282768,0.0,0.2930024213178512,10_sp_aij_22,10488077,0.1,10,3049,10,50,even
447,28.484848484848484,0.0735102856763083,0.2544981058648966,0.2751759832238443,0.1412429349777052,0.2448572616569429,0.1388099157521384,0.0546032795190887,0.2752583737525692,0.0,0.4117420343592146,10_sp_aij_22,10488077,0.1,10,3049,10,50,even
448,29.090909090909093,0.0723636250066703,0.2695543570618826,0.3134078446233586,0.1413836911160777,0.236610920186189,0.1256405309498511,0.0488024901025161,0.3907781507232482,0.0,0.3417231806226409,10_sp_aij_22,10488077,0.1,10,3049,10,50,even
449,30.0,0.0692904458973136,0.2977936605246407,0.2592233484356854,0.1321624526265541,0.3016319929587117,0.1756521037879113,0.0543592383548362,0.3836799368256521,0.0,0.3552193557220851,10_sp_aij_22,10488077,0.1,10,3049,10,50,even
450,0.0,0.09,0.09,0.01,0.03,0.06,0.06,0.03,0.08,0.07,0.05,10_sp_aij_22,12733201,0.1,10,3049,10,50,even
451,0.6060606060606061,0.0653516434876741,0.0997512011204124,0.0118160574070588,0.0546782749824333,0.0869727798261566,0.0607534895990745,0.0310316439322683,0.1136364653226798,0.0696329375195778,0.0697693122072623,10_sp_aij_22,12733201,0.1,10,3049,10,50,even
452,1.2121212121212122,0.061020561999873,0.1376283462553945,0.0179264942546978,0.0826260530596871,0.1212876230258752,0.080045569159059,0.0482954106540483,0.1296438138284297,0.075910989812856,0.114275939163542,10_sp_aij_22,12733201,0.1,10,3049,10,50,even
453,1.8181818181818183,0.0870050081582092,0.1650698750839275,0.0293522600523136,0.1562334085352347,0.122395514523064,0.0741856716492292,0.063512377103353,0.178878420193499,0.0772768832987282,0.1563392313991023,10_sp_aij_22,12733201,0.1,10,3049,10,50,even
454,2.4242424242424243,0.0802247548653467,0.1762963476519114,0.0416213652396145,0.2040571571115654,0.1666791742064873,0.0962490377285008,0.0791675027356704,0.2109961411097485,0.0916881438070557,0.2576452610576447,10_sp_aij_22,12733201,0.1,10,3049,10,50,even
455,3.0303030303030303,0.0908306861025764,0.1737855319260684,0.0579475302198855,0.1919874143664857,0.163794438035183,0.1163375992049883,0.1066323449661076,0.2360142710727522,0.0744589328067647,0.3309788638339075,10_sp_aij_22,12733201,0.1,10,3049,10,50,even
456,3.6363636363636367,0.0862711118474201,0.1803045542879794,0.0891956980756882,0.1852849985545265,0.1704091388328563,0.1153475132048708,0.1318497041945534,0.2260687629645919,0.0729645129789043,0.3423917067203117,10_sp_aij_22,12733201,0.1,10,3049,10,50,even
457,4.242424242424242,0.110585191360685,0.1716140898575986,0.1335668996042377,0.1819808252749911,0.1918263845431764,0.1304598548805587,0.187051040207309,0.2220954161114504,0.0614035638219571,0.372488921926731,10_sp_aij_22,12733201,0.1,10,3049,10,50,even
458,4.848484848484849,0.1158014647557185,0.1502708564109808,0.1282456843719674,0.199610270204102,0.2402809301908722,0.1098775796019353,0.1656161949544055,0.2416846739454126,0.0542152752927614,0.3790105908004529,10_sp_aij_22,12733201,0.1,10,3049,10,50,even
459,5.454545454545455,0.0934677681024965,0.1973806313761346,0.1831505585624658,0.1558350838629132,0.206586768774017,0.123424911385038,0.1803143175818397,0.2572881861033702,0.0475663218224345,0.4201322140370731,10_sp_aij_22,12733201,0.1,10,3049,10,50,even
460,6.0606060606060606,0.0960805089211891,0.201964106718727,0.3142601113235092,0.1515970512094097,0.2403379693450269,0.1456746111124604,0.1524817650328179,0.3275895020538657,0.0508239267589141,0.3958078942429374,10_sp_aij_22,12733201,0.1,10,3049,10,50,even
461,6.666666666666667,0.1027994567689194,0.3166334245451332,0.3129439092762687,0.1641314393030585,0.2566410694029741,0.1648296662215598,0.1380145114262627,0.3870412953552899,0.0574420056491568,0.3198257454806925,10_sp_aij_22,12733201,0.1,10,3049,10,50,even
462,7.272727272727273,0.0968061421981672,0.3820529626310318,0.2842250519919258,0.1528060030591959,0.2996235728483309,0.1783950836578369,0.1538870832127667,0.336301888956274,0.0682982556920901,0.2806611284050579,10_sp_aij_22,12733201,0.1,10,3049,10,50,even
463,7.878787878787879,0.0968699709775618,0.3872316615725634,0.2849102128311441,0.128758849091769,0.2951143691058995,0.1634937372606822,0.1471891324312814,0.2854823073770114,0.0921526265086514,0.3249867129389878,10_sp_aij_22,12733201,0.1,10,3049,10,50,even
464,8.484848484848484,0.1048264897666694,0.3012393318760259,0.2819487733758118,0.15882125704045,0.262502654913487,0.1610911963017065,0.1303377115134852,0.3648895151671342,0.0697102514873098,0.3576074125582249,10_sp_aij_22,12733201,0.1,10,3049,10,50,even
465,9.090909090909092,0.08569896061121,0.321649291668459,0.3452992500432985,0.1940369381703444,0.3084190252834636,0.1643852882368005,0.1296158297457341,0.3400668470385923,0.0721258721551764,0.378557483470734,10_sp_aij_22,12733201,0.1,10,3049,10,50,even
466,9.696969696969695,0.0601580903512629,0.3752860166381591,0.3617520633668978,0.1758931843817142,0.2865678964070762,0.1657258396210481,0.1014898060657872,0.3524702024925025,0.060344889975036,0.4567721500787606,10_sp_aij_22,12733201,0.1,10,3049,10,50,even
467,10.303030303030305,0.0561101195901827,0.3253595912753438,0.3807004605621221,0.141729459964219,0.2934060672346104,0.1644996916244434,0.0858060556168517,0.3397212972667263,0.0627348556532784,0.3616197340173825,10_sp_aij_22,12733201,0.1,10,3049,10,50,even
468,10.90909090909091,0.0551481386210609,0.3475760755782925,0.3795310560201101,0.1581300005672864,0.3268942704241586,0.1683277351533626,0.0896112991540428,0.4217560007651111,0.0806060153235897,0.3024848845373715,10_sp_aij_22,12733201,0.1,10,3049,10,50,even
469,11.515151515151516,0.0511558323005997,0.3872392291514247,0.3658902064537732,0.1895420427690342,0.3790247323982038,0.1983068807462236,0.0882285722206923,0.389706139544124,0.0999690704655105,0.3460262090180352,10_sp_aij_22,12733201,0.1,10,3049,10,50,even
470,12.12121212121212,0.0441355279041623,0.4268038751796645,0.4475657505640247,0.1709327447728822,0.3752213061863975,0.1867888481821727,0.065372861429916,0.3931220842143058,0.1089765313123392,0.3606126373995639,10_sp_aij_22,12733201,0.1,10,3049,10,50,even
471,12.727272727272728,0.0358661666774191,0.4454309766641149,0.3547672137269046,0.1764725652634722,0.3353533713052029,0.236165611242944,0.0516471529480879,0.3517395844020811,0.1232867057311009,0.3482414913995673,10_sp_aij_22,12733201,0.1,10,3049,10,50,even
472,13.333333333333334,0.041729710433499,0.3581889981498504,0.3784072823934391,0.1584677945047123,0.3488255960626833,0.2084031446456718,0.0512711958489247,0.3494664183162463,0.1361980864793058,0.4202110254895735,10_sp_aij_22,12733201,0.1,10,3049,10,50,even
473,13.93939393939394,0.0550785310641865,0.4439974129218625,0.2926482359011635,0.1601714360544875,0.3536099757875277,0.1958513944129456,0.0599494782568303,0.3356358340619662,0.0949505563239401,0.3848899011995263,10_sp_aij_22,12733201,0.1,10,3049,10,50,even
474,14.545454545454549,0.0591035582281897,0.333890471835658,0.2818628958427067,0.1679486312108018,0.3175354920043964,0.2045744594317144,0.0735441023038141,0.2448634873325103,0.0862315044905967,0.4801103462361724,10_sp_aij_22,12733201,0.1,10,3049,10,50,even
475,15.151515151515152,0.0702020240951134,0.3364754390155269,0.3049854029980883,0.1373408827362917,0.3107325927067189,0.1938496430600445,0.0843775913634467,0.2453065541673462,0.0832812874369,0.3469557687981804,10_sp_aij_22,12733201,0.1,10,3049,10,50,even
476,15.757575757575758,0.0640411920416466,0.3732455986701971,0.3191643029050949,0.1669049866565901,0.2397297635855808,0.1594435976180442,0.0901576811515918,0.3201061163117489,0.0751194707024817,0.4097194068279137,10_sp_aij_22,12733201,0.1,10,3049,10,50,even
477,16.363636363636363,0.0677877767471627,0.3389929161148012,0.2628844279790767,0.1849450360637585,0.2193597443483196,0.1514441052012776,0.1166755685384587,0.2261784178386754,0.0607374088891555,0.3774850446237129,10_sp_aij_22,12733201,0.1,10,3049,10,50,even
478,16.96969696969697,0.0659731472007169,0.3337978266677088,0.2925826787286487,0.1391204664412501,0.1679386758918523,0.1380019817646255,0.0903013580846973,0.2428022727580205,0.0607574196751981,0.3574609213097511,10_sp_aij_22,12733201,0.1,10,3049,10,50,even
479,17.575757575757578,0.0778475504245348,0.2899144876089725,0.3571711383543501,0.1432613577933638,0.1693040979017642,0.1103340164861854,0.0767572600774392,0.2758664493276667,0.0709109341396484,0.3933434535675966,10_sp_aij_22,12733201,0.1,10,3049,10,50,even
480,18.181818181818183,0.0617097985332995,0.2664192981001573,0.3391608752371454,0.1677304263465303,0.1893677945401416,0.1200840661934095,0.068279217941844,0.3021274616001402,0.0754010569726652,0.3105121446798505,10_sp_aij_22,12733201,0.1,10,3049,10,50,even
481,18.78787878787879,0.0510159831654348,0.3444357518903695,0.2892953450503011,0.1620092699279336,0.1972762158498998,0.1373798874240928,0.063969999737991,0.2500260593817539,0.0740412287803032,0.348464690690573,10_sp_aij_22,12733201,0.1,10,3049,10,50,even
482,19.393939393939394,0.0546482590770918,0.3056537405512926,0.3592136530549303,0.1369082481670057,0.1967403518941837,0.1129864314200782,0.0544080439446971,0.1922961996165254,0.0732919548456005,0.3134066508169026,10_sp_aij_22,12733201,0.1,10,3049,10,50,even
483,20.0,0.0519895722118257,0.302258198076857,0.3118722926696186,0.1384999328949834,0.2435287455042738,0.105764142976143,0.0523393578703973,0.2916849039502678,0.0549851469046591,0.2716848695983626,10_sp_aij_22,12733201,0.1,10,3049,10,50,even
484,20.60606060606061,0.042396417828955,0.3281345455869486,0.3322585821042065,0.1765785837898639,0.2594468100113304,0.1103419631179804,0.0558374537118279,0.29831569461764,0.0577736328658515,0.2166646621822467,10_sp_aij_22,12733201,0.1,10,3049,10,50,even
485,21.21212121212121,0.0295758968348094,0.3216411124317488,0.3205639160624096,0.1389406404399027,0.3152183552196351,0.1573635246282945,0.0540274111174268,0.3481279868807311,0.0557418028749196,0.2837864088852284,10_sp_aij_22,12733201,0.1,10,3049,10,50,even
486,21.81818181818182,0.0251318786043097,0.2949992378721287,0.386734384823675,0.1410836987092574,0.298796677598152,0.1821479175660615,0.0495436309353321,0.34040163244538,0.0875304494291496,0.3039698013434115,10_sp_aij_22,12733201,0.1,10,3049,10,50,even
487,22.424242424242426,0.0328025897243918,0.3856787795570282,0.4068958168305398,0.1430841840899034,0.3650697392569276,0.2143802272112557,0.0685098268634232,0.377987177568882,0.1115085956800136,0.2997614779761272,10_sp_aij_22,12733201,0.1,10,3049,10,50,even
488,23.03030303030303,0.0298993355976087,0.4039076338461992,0.3997035244362094,0.1609659442980689,0.3249511447123777,0.2277948744458054,0.0697807717359821,0.3275242176757387,0.1050351659886064,0.3925361457042092,10_sp_aij_22,12733201,0.1,10,3049,10,50,even
489,23.63636363636364,0.0309130823251974,0.3463389368112425,0.3730662651784563,0.1803622168709356,0.327322794094213,0.1994879847947046,0.0909942014441958,0.3135897574360082,0.0930457426808719,0.4431094662234276,10_sp_aij_22,12733201,0.1,10,3049,10,50,even
490,24.24242424242424,0.0310053806060875,0.4257274261994642,0.5024817886274767,0.1589211008781213,0.3400066149710907,0.1647963745183184,0.0894249760217062,0.3286617501875822,0.0933910787231111,0.3668496045283074,10_sp_aij_22,12733201,0.1,10,3049,10,50,even
491,24.848484848484848,0.0287954002591839,0.4170185960688715,0.3715931399773075,0.1506728860493959,0.3315292995250495,0.1604746151289572,0.0822981912277462,0.3681196804713778,0.0984624033355704,0.3629743012355658,10_sp_aij_22,12733201,0.1,10,3049,10,50,even
492,25.454545454545457,0.0267857899654462,0.4575270586927144,0.3837209111602748,0.143926197812777,0.3227152213656004,0.1997084778489307,0.0698632536756693,0.3201090793559195,0.1196553401323178,0.410488689162705,10_sp_aij_22,12733201,0.1,10,3049,10,50,even
493,26.060606060606062,0.0327345595878997,0.4163456605886978,0.3129901941521003,0.1663752911184145,0.3448710746874532,0.1690744992386418,0.0577909954947647,0.3111650052029346,0.1078142007402275,0.4200238426756051,10_sp_aij_22,12733201,0.1,10,3049,10,50,even
494,26.666666666666668,0.0352994323366745,0.3998592062632037,0.3868368144401542,0.1259935329019187,0.3127615885508199,0.1660213938550188,0.0568243390180389,0.2791776612873067,0.0839487685680649,0.4430951760073806,10_sp_aij_22,12733201,0.1,10,3049,10,50,even
495,27.272727272727277,0.0319666681173098,0.3636176745144865,0.3970576629220463,0.166679911420334,0.2214209813991414,0.1578801298627788,0.053705776600968,0.2863558702923795,0.0891042390728888,0.4194322538830439,10_sp_aij_22,12733201,0.1,10,3049,10,50,even
496,27.87878787878788,0.0305822465061131,0.3680912800881179,0.3364152972824439,0.1847972959973021,0.2313726925799455,0.1672942735204305,0.0471492201849342,0.2952364548736817,0.0722483309435195,0.3461662247088079,10_sp_aij_22,12733201,0.1,10,3049,10,50,even
497,28.484848484848484,0.0417754681798585,0.3868577881718249,0.3336179021450664,0.2006037413308804,0.204245656455886,0.1322596347888299,0.045802903926185,0.3204375487967509,0.066860778122573,0.3645779542088475,10_sp_aij_22,12733201,0.1,10,3049,10,50,even
498,29.090909090909093,0.0513806554562282,0.3168206804412241,0.3040091100517349,0.1848628063788268,0.2185657706466251,0.1232904442604669,0.0443652633901173,0.2289217333070612,0.0694723146720995,0.3545236311807226,10_sp_aij_22,12733201,0.1,10,3049,10,50,even
499,30.0,0.0570279194314326,0.2625022215526172,0.4252581489512109,0.1623493539254925,0.2102777632605748,0.1191567191736356,0.0401776845844937,0.2806337535149344,0.0706570349394108,0.384070979155949,10_sp_aij_22,12733201,0.1,10,3049,10,50,even
