,time,species_0,species_1,species_2,species_3,species_4,species_5,species_6,species_7,species_8,species_9,ground_truth,timeseries_id,noise,n_species,did,n_timeseries,n_timepoints,sampling_scheme
0,0.0,0.04,0.05,0.01,0.02,0.02,0.07,0.01,0.09,0.07,0.03,10_sp_aij_11,36656,0.1,10,661,13,20,even
1,1.5151515151515151,0.0365314595082558,0.038865265608271,0.0215718663955599,0.0443522845606218,0.0435974277665895,0.0883905758722911,0.0100592318129295,0.0789286196416555,0.1645181149392901,0.0659475763572064,10_sp_aij_11,36656,0.1,10,661,13,20,even
2,3.0303030303030303,0.025205282079038,0.0416775507332894,0.0458130670721527,0.1320924785524989,0.0867645396287067,0.0971078338616205,0.0166707802854017,0.0640985205606797,0.2030902788284673,0.1189781888513901,10_sp_aij_11,36656,0.1,10,661,13,20,even
3,4.545454545454546,0.0203228949174037,0.0431912195163553,0.0922619572900927,0.1797161384107709,0.1628773624277318,0.0925477661310996,0.0251144170341715,0.0656571950856886,0.2204478067579371,0.2319708446056675,10_sp_aij_11,36656,0.1,10,661,13,20,even
4,6.0606060606060606,0.0155067136612461,0.0487284956839427,0.157636996162385,0.2773129807842142,0.3112810343656464,0.093280837418899,0.0347934483758667,0.0509696871081198,0.2700622186509778,0.4102677004438537,10_sp_aij_11,36656,0.1,10,661,13,20,even
5,7.878787878787879,0.0131382862096256,0.0442846558598014,0.2206049614189314,0.2759430796535557,0.4224916074927821,0.0712200185906201,0.05299509594663,0.0317177841829118,0.2203928265023519,0.4383499280308276,10_sp_aij_11,36656,0.1,10,661,13,20,even
6,9.393939393939394,0.0058445009474186,0.045613091955945,0.1609159156976648,0.2603266485575228,0.4557127655562255,0.0583349226612853,0.0523733498141129,0.0337353975905745,0.2125764467247702,0.5120271066039668,10_sp_aij_11,36656,0.1,10,661,13,20,even
7,10.90909090909091,0.0036528560586414,0.0698891893094115,0.1691429374885652,0.1958291546520952,0.4525959690321512,0.0490176558700958,0.064108465164767,0.0368202517624795,0.1904227249404718,0.4508664364682257,10_sp_aij_11,36656,0.1,10,661,13,20,even
8,12.424242424242424,0.0028124386150618,0.0600382094089636,0.1951866858890138,0.3318764130879395,0.5417991179150381,0.0855672622916422,0.0727307150217935,0.0392977550164085,0.1729350025561322,0.5512141044762321,10_sp_aij_11,36656,0.1,10,661,13,20,even
9,13.93939393939394,0.0,0.0687980980834329,0.1574018602569722,0.3305671473478259,0.4874349488906799,0.082227375314703,0.1276049734419521,0.0585874063590949,0.2446319194874913,0.4222031643804823,10_sp_aij_11,36656,0.1,10,661,13,20,even
10,15.757575757575758,0.0,0.0466158485448819,0.141744704703889,0.3398494919223899,0.4810734150194269,0.0623176094066382,0.0960815102094087,0.0472073303437962,0.2567692742042597,0.5136558373834498,10_sp_aij_11,36656,0.1,10,661,13,20,even
11,17.272727272727273,0.0,0.0476825426608553,0.1634622833713695,0.3759520131331366,0.4297547505998322,0.0712120864435022,0.1080575222054925,0.0464777574701885,0.2614657299437312,0.5670512912582503,10_sp_aij_11,36656,0.1,10,661,13,20,even
12,18.78787878787879,0.0,0.0578373801959753,0.1665706426763531,0.3381227769651751,0.4959359317100169,0.0869163982869903,0.1463834772306999,0.0594797678181429,0.2364060176474462,0.4705021705206409,10_sp_aij_11,36656,0.1,10,661,13,20,even
13,20.303030303030305,0.0,0.0732741635773147,0.1945683802569697,0.3618217187719768,0.4764938551193078,0.0699174238993362,0.199431689680909,0.065497246559702,0.2209664906381699,0.4225821609738673,10_sp_aij_11,36656,0.1,10,661,13,20,even
14,21.81818181818182,0.0,0.0546852618914345,0.2086020774333256,0.3991309939445277,0.5054430682930627,0.0564490496072017,0.1685812549132458,0.0515860552150201,0.2815480138529135,0.4442766259991811,10_sp_aij_11,36656,0.1,10,661,13,20,even
15,23.63636363636364,0.0,0.0981962844269979,0.2005825162795555,0.4267457840103666,0.5031271953200847,0.035307326256933,0.1434999283315508,0.050513599699826,0.2224868718898494,0.5609370074831566,10_sp_aij_11,36656,0.1,10,661,13,20,even
16,25.151515151515152,0.0,0.064468340451496,0.2199055470578759,0.3365275203192854,0.5584018106335819,0.0367247827466136,0.1434742369781523,0.0405646510625168,0.1910667235581024,0.548031970116968,10_sp_aij_11,36656,0.1,10,661,13,20,even
17,26.666666666666668,0.0,0.0614021057604651,0.1308657478446352,0.3430219673149342,0.6777677473184416,0.0538857392987376,0.0990761338064695,0.0419237162353145,0.2197279949752047,0.5986141432463412,10_sp_aij_11,36656,0.1,10,661,13,20,even
18,28.181818181818183,0.0,0.063694688840163,0.1465357513968972,0.4333406430104938,0.5511302881435481,0.0703158297336859,0.1161919596574009,0.0397867940679786,0.2203918250321769,0.5146541967132259,10_sp_aij_11,36656,0.1,10,661,13,20,even
19,30.0,0.0,0.0607370298045903,0.1280603869769132,0.4425616539690166,0.3977661313009228,0.0687797327104562,0.0959925183751562,0.0595297507348924,0.1960473623079058,0.4623059729129106,10_sp_aij_11,36656,0.1,10,661,13,20,even
20,0.0,0.06,0.09,0.02,0.06,0.03,0.03,0.04,0.03,0.02,0.03,10_sp_aij_11,416304,0.1,10,661,13,20,even
21,1.5151515151515151,0.0514139160618518,0.0628493995351096,0.0540999653052276,0.1549473244649122,0.0405167351920301,0.0347011738766806,0.0417128549272702,0.032103486995579,0.0703091407628384,0.0492050268373686,10_sp_aij_11,416304,0.1,10,661,13,20,even
22,3.0303030303030303,0.0527187548342582,0.0366031720338711,0.0907640763093755,0.2530610556219926,0.1235042542372294,0.0389544078801343,0.0654927393976497,0.0294015092177693,0.1675638721628911,0.1968719078672628,10_sp_aij_11,416304,0.1,10,661,13,20,even
23,4.545454545454546,0.0343258194315796,0.0295933791124934,0.1026085418892222,0.2797324647285988,0.2259296264221367,0.0340364190171199,0.0957978689765338,0.0253673049818135,0.2212497521725067,0.3836003485830916,10_sp_aij_11,416304,0.1,10,661,13,20,even
24,6.0606060606060606,0.0242724697521405,0.0248327907914577,0.1082365113949485,0.2990567275945975,0.3867880784385649,0.0329757834713555,0.0881801951924132,0.0313722277030338,0.1799770698524606,0.4336480569812885,10_sp_aij_11,416304,0.1,10,661,13,20,even
25,7.878787878787879,0.0176339395801964,0.0221026596890825,0.120952826930057,0.3616214446341264,0.3337803841514347,0.0579275585152115,0.1098758477213628,0.0555934268979275,0.2847161610010171,0.4996329075969953,10_sp_aij_11,416304,0.1,10,661,13,20,even
26,9.393939393939394,0.0122189655505678,0.0336285967588608,0.1379405097603104,0.3448854041250231,0.5016430597810051,0.0421809464222562,0.123218335832985,0.0483749644822052,0.2728594408703044,0.5500181319388022,10_sp_aij_11,416304,0.1,10,661,13,20,even
27,10.90909090909091,0.0106508789413851,0.0426389894087708,0.1136736923284776,0.308709239779,0.3648963319357031,0.0393642050052112,0.0743727466390224,0.0535909075569778,0.18884790596458,0.5312044455673771,10_sp_aij_11,416304,0.1,10,661,13,20,even
28,12.424242424242424,0.0090946944009402,0.0438398684318031,0.1263046338108333,0.2452976050699546,0.4994486413638568,0.0370567387940811,0.073633619481646,0.0443671124245912,0.2633839143286798,0.4878452035494578,10_sp_aij_11,416304,0.1,10,661,13,20,even
29,13.93939393939394,0.0073175714643009,0.03772336840882,0.1767570359705497,0.2865936196876729,0.4616429069606268,0.0416483606033426,0.062770464690925,0.0474712195775566,0.2409329109075081,0.5279543853811905,10_sp_aij_11,416304,0.1,10,661,13,20,even
30,15.757575757575758,0.0050089280260672,0.0585571325087675,0.1747382473748482,0.308299490777064,0.4222724794067303,0.0391694784104972,0.0504881506459512,0.0390239631541526,0.2518353394273608,0.5430546164177952,10_sp_aij_11,416304,0.1,10,661,13,20,even
31,17.272727272727273,0.0054621816980633,0.049617319297636,0.1267452182692361,0.315365540983992,0.4747199284279061,0.043679244185198,0.0436239123322376,0.0465214731933638,0.2501500320671865,0.489034695951394,10_sp_aij_11,416304,0.1,10,661,13,20,even
32,18.78787878787879,0.0071750764935751,0.0548433875260348,0.1338821556612865,0.2904955421010649,0.4977122049690895,0.05164538038026,0.0698600112513229,0.0501948097470441,0.2184123075423713,0.3500084013717587,10_sp_aij_11,416304,0.1,10,661,13,20,even
33,20.303030303030305,0.0082750150529888,0.0885307201497882,0.1343178073046806,0.3326720141924947,0.448784508692463,0.0378774536213212,0.0510294827049155,0.0563822888590355,0.2328145727453984,0.4641049815969119,10_sp_aij_11,416304,0.1,10,661,13,20,even
34,21.81818181818182,0.0055999132917277,0.0943848562818611,0.1840893290070548,0.2442414567612893,0.4562345729138629,0.0533911701972099,0.0493164667676623,0.0571950264171144,0.2882669619478917,0.4809539322386604,10_sp_aij_11,416304,0.1,10,661,13,20,even
35,23.63636363636364,0.0080144004153044,0.0986071548460999,0.2481935231051797,0.3997424327754392,0.5576086241669712,0.058095805254557,0.056784721554963,0.0508945447176674,0.2212336008275097,0.4319573791089106,10_sp_aij_11,416304,0.1,10,661,13,20,even
36,25.151515151515152,0.0106938684962146,0.0995339785390644,0.2229888685436069,0.4076166691254006,0.4836637872324535,0.0464606931386106,0.1294107263232861,0.05215632760798,0.2656890858151989,0.5157579878179224,10_sp_aij_11,416304,0.1,10,661,13,20,even
37,26.666666666666668,0.0126039947953103,0.0767638625425105,0.1710180271708389,0.4029294814461723,0.453195798558497,0.0354512776821942,0.14337387765303,0.038233661535636,0.2421728279294188,0.6348219042137873,10_sp_aij_11,416304,0.1,10,661,13,20,even
38,28.181818181818183,0.0101866929829351,0.0795155496223243,0.1947749668625852,0.4297573026344891,0.4707981326311641,0.0373711233828857,0.1607822552338072,0.0482488626285676,0.2803229831571551,0.4604110593530784,10_sp_aij_11,416304,0.1,10,661,13,20,even
39,30.0,0.0098325950687356,0.1033714840480033,0.24908793823589,0.34956564654029,0.5721041574519139,0.0289863019887846,0.0903693014729606,0.0453448607246576,0.283240190687393,0.5497281292994941,10_sp_aij_11,416304,0.1,10,661,13,20,even
40,0.0,0.02,0.02,0.02,0.02,0.04,0.09,0.05,0.04,0.02,0.04,10_sp_aij_11,2369231,0.1,10,661,13,20,even
41,1.5151515151515151,0.0195768880592678,0.0178284664222799,0.028299924217244,0.0647808000605629,0.0688935875699325,0.1067419496030062,0.053475802759113,0.0481989034589718,0.083181283146673,0.0687536540332759,10_sp_aij_11,2369231,0.1,10,661,13,20,even
42,3.0303030303030303,0.0233192454694463,0.0144143121606152,0.0759204617553457,0.1111331387982779,0.1340528449198934,0.1313689083180651,0.0779907463675755,0.0537533740842164,0.1818174713303761,0.1234389045950232,10_sp_aij_11,2369231,0.1,10,661,13,20,even
43,4.545454545454546,0.0232954848969356,0.0211152405275519,0.1343560973565384,0.2310353046214239,0.2842810247675089,0.1229189902463282,0.0763699827472393,0.0643545344101172,0.2166721388551907,0.2495150253944587,10_sp_aij_11,2369231,0.1,10,661,13,20,even
44,6.0606060606060606,0.0204591068538931,0.0374636645759199,0.1872166433472733,0.3169562192433385,0.479659822686339,0.0705212352753814,0.0993633508114464,0.039472893454495,0.2016971494213747,0.3698162792840888,10_sp_aij_11,2369231,0.1,10,661,13,20,even
45,7.878787878787879,0.0218285887768982,0.0824041251658487,0.1618125967057616,0.3181045767962103,0.5458600637764426,0.0635165836227031,0.0822784634394029,0.0603915011793812,0.2178436262980177,0.3698308981725124,10_sp_aij_11,2369231,0.1,10,661,13,20,even
46,9.393939393939394,0.0288105254578273,0.0962774160474933,0.1584662298670671,0.3847448540229226,0.5090968766585328,0.0607546258389972,0.1393869478660856,0.0729382887503706,0.2057889741481497,0.3974111620356185,10_sp_aij_11,2369231,0.1,10,661,13,20,even
47,10.90909090909091,0.0174991257041853,0.074145707471412,0.1734409755246722,0.3825443502974219,0.3322388442804723,0.0692373706153161,0.1358315631423169,0.0586425194859387,0.2037676587521062,0.4423593770186418,10_sp_aij_11,2369231,0.1,10,661,13,20,even
48,12.424242424242424,0.0166633847254236,0.0787177453157141,0.1456025650270352,0.4001353598151636,0.3623609592580977,0.0576068076986785,0.1312761975728111,0.0441165202516027,0.2542183650405193,0.4344483826690993,10_sp_aij_11,2369231,0.1,10,661,13,20,even
49,13.93939393939394,0.0130776125526807,0.0622872914789723,0.1477335520410925,0.3086142640513657,0.4492670133002879,0.0553869759839649,0.1266490818764354,0.0466929335243815,0.2488710820436826,0.5562997933070916,10_sp_aij_11,2369231,0.1,10,661,13,20,even
50,15.757575757575758,0.0107095102934475,0.0470348311479336,0.1763431840203618,0.3591571903285094,0.3654195935427711,0.0554450010444442,0.1250984016653108,0.0683180648334501,0.2499939772044882,0.4552729350327644,10_sp_aij_11,2369231,0.1,10,661,13,20,even
51,17.272727272727273,0.0064313207553071,0.0322332067918169,0.1199528016694335,0.3186029988242713,0.5343002714149431,0.0797033414986981,0.1152285491321563,0.0682642279473582,0.1948629683798746,0.4916907172531762,10_sp_aij_11,2369231,0.1,10,661,13,20,even
52,18.78787878787879,0.0059521294398982,0.045291812556523,0.1230257621565137,0.3135729547685064,0.3500938507813729,0.0743506070765175,0.1120369930618884,0.055424476597848,0.1202046259746912,0.5069554247383977,10_sp_aij_11,2369231,0.1,10,661,13,20,even
53,20.303030303030305,0.0074549503584989,0.071880726778331,0.1124873571460779,0.3195127032843567,0.4953825880208818,0.0766525477107353,0.1164086894508294,0.0637715958930246,0.1883559532206956,0.4904595426996438,10_sp_aij_11,2369231,0.1,10,661,13,20,even
54,21.81818181818182,0.0066064582785146,0.0819334206447506,0.1823478795814474,0.3442325588509193,0.3527388622151914,0.0787880407790413,0.1198629287341035,0.0847196337455727,0.165366115664703,0.4423184952717982,10_sp_aij_11,2369231,0.1,10,661,13,20,even
55,23.63636363636364,0.0067409664524262,0.1157209098526137,0.1930480431214542,0.415826968052286,0.5777701612102889,0.0541406352470213,0.1467754926328675,0.0668351139456281,0.2959040288594042,0.4580355432049944,10_sp_aij_11,2369231,0.1,10,661,13,20,even
56,25.151515151515152,0.0056398971797061,0.0870725540574882,0.1150534543875596,0.404990695929756,0.53357792683125,0.0572438865801243,0.1140995576862847,0.0758704026467226,0.1857034124831211,0.5465214902692157,10_sp_aij_11,2369231,0.1,10,661,13,20,even
57,26.666666666666668,0.0052216666251536,0.0639367247566751,0.158285382854352,0.2657602675520978,0.416116529681442,0.0497436339774343,0.1341872909076586,0.0801577242411338,0.2066871337906816,0.6020621450766107,10_sp_aij_11,2369231,0.1,10,661,13,20,even
58,28.181818181818183,0.0049328391921498,0.0484148984113241,0.1443958198230678,0.2879534935992178,0.4039421717026482,0.0407578845907995,0.1203106737254163,0.0951723536195622,0.1426115969233803,0.4007301845068397,10_sp_aij_11,2369231,0.1,10,661,13,20,even
59,30.0,0.0083295834016311,0.044515229907597,0.1176248292556999,0.3373122950038637,0.4252104901552976,0.0385791859285961,0.0991971036647149,0.0817620683648766,0.1510011453841428,0.5931620575335413,10_sp_aij_11,2369231,0.1,10,661,13,20,even
60,0.0,0.06,0.03,0.06,0.01,0.05,0.04,0.06,0.01,0.04,0.09,10_sp_aij_11,2753893,0.1,10,661,13,20,even
61,1.5151515151515151,0.0604087173894013,0.0267642771778997,0.1059162810815043,0.0297715868211652,0.0742397592721105,0.0530543601192277,0.0337935076202694,0.0120168515163663,0.1548428353055343,0.1273441060696995,10_sp_aij_11,2753893,0.1,10,661,13,20,even
62,3.0303030303030303,0.0626551456756509,0.0352432525727793,0.2140139340722374,0.09306850051833,0.1651819224583101,0.0627868483407353,0.0360250772024122,0.0095678746884826,0.1569794246131989,0.1590893131685815,10_sp_aij_11,2753893,0.1,10,661,13,20,even
63,4.545454545454546,0.0428232338604728,0.0424705374501088,0.1853068491880026,0.1577530555005317,0.2310865998301259,0.0857170523553185,0.0603495893555415,0.0107127935445139,0.1978084660168629,0.2755030197820661,10_sp_aij_11,2753893,0.1,10,661,13,20,even
64,6.0606060606060606,0.029111712411713,0.0522497609393679,0.1725399932296407,0.2745047306511929,0.4429089967140772,0.072701780402192,0.0712960403514664,0.0111085521889493,0.2682836192545317,0.2959906730234536,10_sp_aij_11,2753893,0.1,10,661,13,20,even
65,7.878787878787879,0.0199655693742345,0.0675272016929623,0.1450045821580254,0.3028239363862944,0.5674519200349424,0.0693005640777189,0.0781104876664774,0.0129682681363727,0.2823247236505412,0.4646272221123748,10_sp_aij_11,2753893,0.1,10,661,13,20,even
66,9.393939393939394,0.0134477924223969,0.087836104485079,0.2077715949880543,0.3209170429448731,0.4788879042953463,0.0493462979579365,0.119827646517007,0.0203646619431028,0.2619194291849905,0.5161821506491724,10_sp_aij_11,2753893,0.1,10,661,13,20,even
67,10.90909090909091,0.0112783495099317,0.1006796798139925,0.1989104055560341,0.3659180402269349,0.4674537959993244,0.0454659957553005,0.0692441746083161,0.0401605051132406,0.2780722660450117,0.497093784743329,10_sp_aij_11,2753893,0.1,10,661,13,20,even
68,12.424242424242424,0.0150705583283243,0.0705856785214426,0.1376348870431732,0.3461679874978094,0.5112727268202699,0.0481592876966851,0.0454288166585757,0.0516828813222943,0.2267615965795855,0.5225430907176203,10_sp_aij_11,2753893,0.1,10,661,13,20,even
69,13.93939393939394,0.0096480987067902,0.0631471786967139,0.1664636753472999,0.3026502676995988,0.4677947279566788,0.0497489116073645,0.0392541679237872,0.0598988461925037,0.1738314793414771,0.432896368386246,10_sp_aij_11,2753893,0.1,10,661,13,20,even
70,15.757575757575758,0.0106006508748879,0.079916493748547,0.1539720464851739,0.3166228957521113,0.4742521867655486,0.0371502094534113,0.0610654758843901,0.0474735088952253,0.174782642734756,0.5578007970050504,10_sp_aij_11,2753893,0.1,10,661,13,20,even
71,17.272727272727273,0.0123171461910302,0.0836083013772952,0.0981038410542462,0.3344076232861186,0.5339974601222774,0.0308186724135143,0.077895535853723,0.0296856410311883,0.240995999982585,0.5007016243100828,10_sp_aij_11,2753893,0.1,10,661,13,20,even
72,18.78787878787879,0.0155610567463782,0.0824587419859507,0.1634788266647019,0.3250561439569706,0.5296572015705887,0.0278479411783096,0.0914803758956053,0.0327841364123254,0.2193895434913764,0.4614517118777552,10_sp_aij_11,2753893,0.1,10,661,13,20,even
73,20.303030303030305,0.0129565129427436,0.0693681358757895,0.1789768617965404,0.3358566120637914,0.4592598784563149,0.0396728829046649,0.0994923690465023,0.0353592638860042,0.2237741296237246,0.5492369871125172,10_sp_aij_11,2753893,0.1,10,661,13,20,even
74,21.81818181818182,0.0106438304657475,0.0689123524234641,0.1647503319385591,0.3086125931303443,0.505560762124903,0.050730726845322,0.0826720537230896,0.0450737608707751,0.2686912002477405,0.41711883943391,10_sp_aij_11,2753893,0.1,10,661,13,20,even
75,23.63636363636364,0.0077035848962446,0.0533410675433494,0.1846410276413663,0.3658837043942818,0.4812714848941214,0.0335139344195151,0.127891572747829,0.0396517129884166,0.2807212885341378,0.4980396974736822,10_sp_aij_11,2753893,0.1,10,661,13,20,even
76,25.151515151515152,0.0063632844990695,0.0637511422427011,0.1890585248722494,0.4233310377809699,0.5466855117255338,0.0282875988413419,0.1429472427244592,0.0366249760631052,0.2658390479589421,0.5130366128137609,10_sp_aij_11,2753893,0.1,10,661,13,20,even
77,26.666666666666668,0.0034912323769212,0.0516111659330291,0.1330283906042728,0.3831443985054586,0.3961140700019691,0.0336260310667353,0.1306172091442033,0.0448550662503897,0.177862996713299,0.4771459684499239,10_sp_aij_11,2753893,0.1,10,661,13,20,even
78,28.181818181818183,0.0030051693486898,0.0576250375419187,0.0964496407860272,0.4751482996097895,0.4265228912374347,0.0325400389158079,0.0960076869609215,0.0408822972490061,0.2558636906293819,0.5147137229211209,10_sp_aij_11,2753893,0.1,10,661,13,20,even
79,30.0,0.0026879469843776,0.0440279382320559,0.1310141484777479,0.3659130183135802,0.437931851718672,0.0321742645474042,0.0866536913459939,0.0360899835025951,0.2284660510486338,0.5640825321635862,10_sp_aij_11,2753893,0.1,10,661,13,20,even
80,0.0,0.04,0.03,0.05,0.08,0.06,0.05,0.03,0.07,0.09,0.09,10_sp_aij_11,3049039,0.1,10,661,13,20,even
81,1.5151515151515151,0.0379020226596242,0.0282014599842719,0.0644117154515776,0.2090995594055175,0.1360287291014918,0.0627606975280231,0.0396631542908379,0.071169943194222,0.1045216869071563,0.1917508288384309,10_sp_aij_11,3049039,0.1,10,661,13,20,even
82,3.0303030303030303,0.0377685672080471,0.0257265124738467,0.0782589113263792,0.2468821227960916,0.265314652653304,0.083481472362635,0.0478046572206259,0.0675502079404155,0.1799472049570325,0.3105904679228849,10_sp_aij_11,3049039,0.1,10,661,13,20,even
83,4.545454545454546,0.0283004825341005,0.0218909104226171,0.1208968563148387,0.3079453426123729,0.3601223684011784,0.0572250157878533,0.0508644187070557,0.06495538197091,0.1937295829232546,0.4438161473969,10_sp_aij_11,3049039,0.1,10,661,13,20,even
84,6.0606060606060606,0.0288224365441172,0.0281382350938193,0.1416719250698227,0.3149166445017102,0.5412783674724171,0.0548065521252742,0.0617776824845846,0.0535296174088237,0.2173971375841557,0.4837796365389409,10_sp_aij_11,3049039,0.1,10,661,13,20,even
85,7.878787878787879,0.0296839738293106,0.0633747276821913,0.1440642177326192,0.4394089187077804,0.4782649053658709,0.0501858566851396,0.0986283019982513,0.0668569668761283,0.1793946889367794,0.3570566598520375,10_sp_aij_11,3049039,0.1,10,661,13,20,even
86,9.393939393939394,0.0253813061040219,0.0711823764435722,0.1281598594267634,0.4430760874989752,0.5825131786420714,0.0335454460122202,0.1145209317562746,0.0558319207996997,0.1848965866086111,0.5633258099056759,10_sp_aij_11,3049039,0.1,10,661,13,20,even
87,10.90909090909091,0.0123728484447645,0.0778812641691011,0.1392771484313284,0.3922348490319388,0.5294940580437765,0.0265036252076136,0.1436752603587351,0.0861315530490398,0.200090767699505,0.4764809244346268,10_sp_aij_11,3049039,0.1,10,661,13,20,even
88,12.424242424242424,0.0115108313278274,0.0624492946175523,0.1982493453933605,0.3965764789835028,0.3785006541799012,0.0250015174914178,0.1865835225863163,0.1131416518592713,0.2384255324388823,0.4376276406108019,10_sp_aij_11,3049039,0.1,10,661,13,20,even
89,13.93939393939394,0.0145311681363026,0.0672455601507752,0.1668052639380893,0.413321339245754,0.5767771625602252,0.0196772212053178,0.1840353306862819,0.062583182253255,0.1854538556611478,0.5018649209774428,10_sp_aij_11,3049039,0.1,10,661,13,20,even
90,15.757575757575758,0.0140692559416681,0.0895984707503682,0.182792388090909,0.2818258753662269,0.4656153742249341,0.0345848255296577,0.1195102360848611,0.0816582694092639,0.2302979153465177,0.3970912204106335,10_sp_aij_11,3049039,0.1,10,661,13,20,even
91,17.272727272727273,0.0183136079075566,0.0884114790585045,0.1756444456496834,0.2810595756758032,0.3548620336221016,0.0361031325086535,0.090604841885511,0.0765874368569442,0.1658525382109866,0.4628572717698381,10_sp_aij_11,3049039,0.1,10,661,13,20,even
92,18.78787878787879,0.0137625479576425,0.0827772477295644,0.195850928594458,0.3746241007351557,0.467278802963979,0.0469775697324946,0.08394136437823,0.0645056773707747,0.2108095163167218,0.5688211466139825,10_sp_aij_11,3049039,0.1,10,661,13,20,even
93,20.303030303030305,0.011572692320521,0.0800237983812252,0.2029595207790769,0.3045107195909935,0.4694577997318832,0.0676344525156253,0.0779669997415414,0.0543981359171519,0.1793340608360392,0.4100685657240954,10_sp_aij_11,3049039,0.1,10,661,13,20,even
94,21.81818181818182,0.0160060579035301,0.1082766932338716,0.1797751206491185,0.401506006994241,0.540496254053161,0.058756178752002,0.0874471690257058,0.0696126065631659,0.1841423471657463,0.5577923822719127,10_sp_aij_11,3049039,0.1,10,661,13,20,even
95,23.63636363636364,0.0150671851622492,0.1050799868936854,0.1095918733131534,0.4874427151745164,0.4608791261497222,0.0456761067369916,0.1369475974298781,0.0663220710426393,0.2298075145306153,0.5662234118611528,10_sp_aij_11,3049039,0.1,10,661,13,20,even
96,25.151515151515152,0.0192963817025227,0.0899314757449576,0.1256906955595727,0.3265462985700483,0.4656974194806391,0.0493712428386379,0.1401650640533892,0.0724096337893693,0.1990052854254363,0.4940495277096511,10_sp_aij_11,3049039,0.1,10,661,13,20,even
97,26.666666666666668,0.0229235533167214,0.0982433695167589,0.2061272002306404,0.3062486295768154,0.4267127850716701,0.0628253834331126,0.1912000985991765,0.0868615003536829,0.1997032921108113,0.4226134270451081,10_sp_aij_11,3049039,0.1,10,661,13,20,even
98,28.181818181818183,0.0321934497290838,0.0819838269967414,0.1537763837947972,0.4100019196797633,0.4252809867449401,0.0559658934454257,0.1622216922687966,0.053834581915433,0.2403111331798574,0.4565973797517756,10_sp_aij_11,3049039,0.1,10,661,13,20,even
99,30.0,0.0266044616535928,0.0783550261838968,0.1616451903243344,0.3289547082481933,0.5305908500446356,0.0313627741908743,0.1732102808437167,0.0661430425336626,0.2137361351690421,0.3740754020045475,10_sp_aij_11,3049039,0.1,10,661,13,20,even
100,0.0,0.04,0.08,0.09,0.06,0.06,0.06,0.08,0.03,0.02,0.09,10_sp_aij_11,5140131,0.1,10,661,13,20,even
101,1.5151515151515151,0.0360441762858816,0.074116567760344,0.1565249480923362,0.1331880042537492,0.0975155465153909,0.075327163165693,0.0963132935250484,0.0492314322841428,0.0614004151017208,0.1781090876742728,10_sp_aij_11,5140131,0.1,10,661,13,20,even
102,3.0303030303030303,0.0702391571671886,0.0788285583900882,0.1490230082862811,0.3122376603059286,0.1537735165571433,0.0584343667426131,0.1050344533226555,0.0513619819896421,0.1116964045837501,0.2101098758124792,10_sp_aij_11,5140131,0.1,10,661,13,20,even
103,4.545454545454546,0.0498941802907546,0.058712154057598,0.1355793299680732,0.3040863358033442,0.3687283066080155,0.0382209093759912,0.1288191296279911,0.0539636979664422,0.2038449600993107,0.3397997157226249,10_sp_aij_11,5140131,0.1,10,661,13,20,even
104,6.0606060606060606,0.0307634532814838,0.0471023113508909,0.189305365649246,0.2693836986056063,0.3708363298120197,0.0317852420775786,0.1441250374686203,0.0420566720416146,0.1989622640451371,0.409364550743527,10_sp_aij_11,5140131,0.1,10,661,13,20,even
105,7.878787878787879,0.0335124103569192,0.0375801242176973,0.1475279952527541,0.3410022624302943,0.4710091197783667,0.0391363864226566,0.1324387815993604,0.0357018404197677,0.2810089447231661,0.4822217701933274,10_sp_aij_11,5140131,0.1,10,661,13,20,even
106,9.393939393939394,0.0347660043167565,0.0546516797156196,0.1128882893972225,0.4077129111418928,0.5523987980219671,0.0327584005960765,0.1999280975224444,0.042451589615141,0.2754637127538543,0.5066111150495339,10_sp_aij_11,5140131,0.1,10,661,13,20,even
107,10.90909090909091,0.0285361688044985,0.0543391403347514,0.1226053083976126,0.4490062902781528,0.5522288648594083,0.0179316621223501,0.1874629361240058,0.0555484862953429,0.1996543749295802,0.5817962433589743,10_sp_aij_11,5140131,0.1,10,661,13,20,even
108,12.424242424242424,0.0278715513950526,0.064334009017574,0.1373665944252819,0.5075656191772019,0.5026087019159748,0.0184618778538628,0.2165188446638699,0.0727111548548547,0.2159514718168582,0.5249452084932821,10_sp_aij_11,5140131,0.1,10,661,13,20,even
109,13.93939393939394,0.0255825959640998,0.0563866532943575,0.134642441462245,0.3869672068744135,0.4865829358144226,0.0201796320091279,0.1543178870836549,0.0883825051016788,0.1853912385312101,0.4882837261053785,10_sp_aij_11,5140131,0.1,10,661,13,20,even
110,15.757575757575758,0.0182195429489887,0.0550800109638654,0.1555192683787726,0.4533647695684656,0.531152645578172,0.0230410812567155,0.1211025917556829,0.0749149590937369,0.2196560552170593,0.4041648338035813,10_sp_aij_11,5140131,0.1,10,661,13,20,even
111,17.272727272727273,0.0165451431977754,0.0607904407963257,0.1926472156335534,0.4276188344266163,0.4009328402992625,0.0228515790817159,0.1834787457100921,0.0845633479907253,0.1880195750110877,0.6773361753460675,10_sp_aij_11,5140131,0.1,10,661,13,20,even
112,18.78787878787879,0.0221443382354131,0.0508525138778037,0.1392291610203773,0.4117867766481609,0.3760343972532413,0.0195563312248769,0.1363365237963816,0.0788689618799656,0.1994208414212661,0.3945505192323758,10_sp_aij_11,5140131,0.1,10,661,13,20,even
113,20.303030303030305,0.0226700205055691,0.0961262072219854,0.1445055068626624,0.3007582851955791,0.5361627717298552,0.026206304912578,0.1522748427575042,0.0865146773415069,0.2670091531462734,0.5262867605794296,10_sp_aij_11,5140131,0.1,10,661,13,20,even
114,21.81818181818182,0.0212788324850343,0.0502866496250273,0.1302718503415612,0.3290324488856218,0.3668710213091539,0.0197918964396431,0.1409699402285565,0.0922092589815039,0.2193929875072391,0.4092372012466316,10_sp_aij_11,5140131,0.1,10,661,13,20,even
115,23.63636363636364,0.0164925433533644,0.0480163171677112,0.174710798224012,0.3201372469473147,0.5854919723241159,0.0250864365519365,0.1256286123984972,0.0812100621903386,0.2314728606766827,0.5302032005332504,10_sp_aij_11,5140131,0.1,10,661,13,20,even
116,25.151515151515152,0.0200196560195049,0.0555556607213974,0.1621242064240064,0.3770048875861688,0.4110768512096139,0.0325650664142604,0.1390740831829497,0.0856190204227872,0.1650550832675639,0.4873823511956939,10_sp_aij_11,5140131,0.1,10,661,13,20,even
117,26.666666666666668,0.0205319445467114,0.0398192189744465,0.1760339837192344,0.3669501303734132,0.4770291845943278,0.0315070399484813,0.1262662395309353,0.0806781958296722,0.2187316736932306,0.5177165289303413,10_sp_aij_11,5140131,0.1,10,661,13,20,even
118,28.181818181818183,0.0165728750606028,0.0394659658132493,0.1272912168745507,0.2876547691284607,0.5015002295060709,0.0431454574937396,0.0683235304404524,0.0771762617002045,0.2298066973143681,0.5084854476629675,10_sp_aij_11,5140131,0.1,10,661,13,20,even
119,30.0,0.017882658745912,0.0704946887410497,0.1176249155232328,0.3103799667713848,0.4792422299518118,0.0535833031612068,0.1069942996404538,0.0880005652704466,0.1512940539861314,0.48954846180424,10_sp_aij_11,5140131,0.1,10,661,13,20,even
120,0.0,0.09,0.04,0.07,0.05,0.06,0.03,0.03,0.06,0.06,0.05,10_sp_aij_11,8493390,0.1,10,661,13,20,even
121,1.5151515151515151,0.0540027108588412,0.0310896280533343,0.0938676253425875,0.1277624408492162,0.0891667700605368,0.0472333371790727,0.0275238677546607,0.0712139589483583,0.1401421414266657,0.1317238957772784,10_sp_aij_11,8493390,0.1,10,661,13,20,even
122,3.0303030303030303,0.0607626051250816,0.0302599152357095,0.134486278981187,0.1693724834890324,0.1637674666932535,0.0637930996373702,0.0457333624697045,0.0740020875166161,0.1812874488619607,0.2300752606593917,10_sp_aij_11,8493390,0.1,10,661,13,20,even
123,4.545454545454546,0.0586300757784583,0.0406956901796794,0.1534031419579015,0.253250996056669,0.3069364642785001,0.08246629841902,0.0669591990923722,0.0567270525573285,0.2178292949024312,0.3976166577117492,10_sp_aij_11,8493390,0.1,10,661,13,20,even
124,6.0606060606060606,0.0479199694840349,0.0604910738225784,0.1446966003861277,0.290514550660629,0.3082519602352596,0.0743542469815314,0.0949752418242049,0.0541549693296124,0.1669928710190444,0.3955000872374913,10_sp_aij_11,8493390,0.1,10,661,13,20,even
125,7.878787878787879,0.0293430363063369,0.0573797144775699,0.1392660395435952,0.3249898732053479,0.4324831488558654,0.0540722694073361,0.1191822173132046,0.0334500567965934,0.214338347808046,0.4633815034586523,10_sp_aij_11,8493390,0.1,10,661,13,20,even
126,9.393939393939394,0.0230732241808148,0.0535224847902186,0.1434585704284789,0.3444251070186092,0.489527857508274,0.0319283030618163,0.1160051103737037,0.0373846822920045,0.2029966349565272,0.7338510274982059,10_sp_aij_11,8493390,0.1,10,661,13,20,even
127,10.90909090909091,0.0131589157547093,0.0474088519800304,0.094967858034929,0.3391292502225645,0.3978638470340316,0.0395913776762256,0.0820142955877606,0.083760111124506,0.1678685525910392,0.5663884409278637,10_sp_aij_11,8493390,0.1,10,661,13,20,even
128,12.424242424242424,0.0151368898043928,0.0526481213688243,0.1002519560635189,0.2581847729103591,0.4628961408455421,0.0462291417725995,0.0770630187961698,0.0763072710833158,0.1544069929055274,0.3970372323976565,10_sp_aij_11,8493390,0.1,10,661,13,20,even
129,13.93939393939394,0.0171741227822499,0.0703114809085621,0.1033512348812149,0.4201815725343811,0.4835692710957341,0.0419494131992364,0.0971537451492673,0.1041629749988009,0.1768173142159937,0.6296297422482506,10_sp_aij_11,8493390,0.1,10,661,13,20,even
130,15.757575757575758,0.0136438066847407,0.0708033083980288,0.1826194244100711,0.3349444870440852,0.4822595569572885,0.043052277499114,0.1004728186530814,0.0756385096270382,0.1654948227379964,0.4866042576839374,10_sp_aij_11,8493390,0.1,10,661,13,20,even
131,17.272727272727273,0.0061147795853143,0.0619352448871948,0.1577190682089768,0.3838685694688381,0.4961028005400676,0.0413608667890227,0.1041336950428106,0.0882266537161971,0.1673253015843329,0.4009123340388955,10_sp_aij_11,8493390,0.1,10,661,13,20,even
132,18.78787878787879,0.0061401934038465,0.0763383980724465,0.1614132256930592,0.4351595948687242,0.4147092248113434,0.0415819767842202,0.104847183162769,0.0952815072390614,0.1521950730567841,0.5669976162362181,10_sp_aij_11,8493390,0.1,10,661,13,20,even
133,20.303030303030305,0.0063246393456856,0.0975830054825474,0.1643762988848749,0.3121094070066142,0.3979486868610438,0.053026808921306,0.1165557026090527,0.0919823178104372,0.2128749181531284,0.4488296866608258,10_sp_aij_11,8493390,0.1,10,661,13,20,even
134,21.81818181818182,0.0113247094128787,0.0623253007304055,0.2052573673579468,0.3627134528383197,0.4995578227491592,0.0592118144727934,0.1029188297909749,0.0789526810441549,0.2302017775004279,0.4577697747591364,10_sp_aij_11,8493390,0.1,10,661,13,20,even
135,23.63636363636364,0.0079708557772221,0.0889135378144915,0.1965145299499376,0.3175091673083249,0.4151099567994625,0.0544109709821331,0.1051333834988723,0.0618429543531906,0.2242109935355575,0.4604344941948972,10_sp_aij_11,8493390,0.1,10,661,13,20,even
136,25.151515151515152,0.0103542907826432,0.0930226321594777,0.1945530642451573,0.3305552552627375,0.5698153047978822,0.0713722195051498,0.1293009406597073,0.068363724371754,0.1447058969340663,0.5150304217791137,10_sp_aij_11,8493390,0.1,10,661,13,20,even
137,26.666666666666668,0.0079410350743921,0.0587572754864567,0.1173506215085712,0.429423298787801,0.3929680295659706,0.0600356474725884,0.1453193210664165,0.0645005942484106,0.2773837671101546,0.5494443443777223,10_sp_aij_11,8493390,0.1,10,661,13,20,even
138,28.181818181818183,0.0088322653043847,0.0681858213502148,0.1144891826750908,0.3902391874578915,0.4059812299041433,0.0311232594647679,0.125073639430407,0.0710217094948053,0.2204849245835103,0.603833319725487,10_sp_aij_11,8493390,0.1,10,661,13,20,even
139,30.0,0.0088814847153545,0.0696311040426414,0.1939279292175773,0.3661034890191808,0.5627996378498274,0.0296678145321886,0.1287447416605933,0.0539910024151924,0.2519437491738627,0.4729790933321505,10_sp_aij_11,8493390,0.1,10,661,13,20,even
140,0.0,0.09,0.09,0.08,0.08,0.08,0.06,0.04,0.01,0.09,0.02,10_sp_aij_11,8982779,0.1,10,661,13,20,even
141,1.5151515151515151,0.0939942202684875,0.0713780162884544,0.11765407750542,0.1354968160687071,0.1852825030346641,0.0459246261935131,0.0560246648075941,0.0099380229323058,0.1825051341570642,0.0431561319040235,10_sp_aij_11,8982779,0.1,10,661,13,20,even
142,3.0303030303030303,0.0721633347328184,0.0745318458386759,0.1678208232337907,0.2233338677987656,0.3247683329566547,0.0601743940066832,0.0687309004273348,0.0072223497801942,0.2344134859678854,0.2144148400924801,10_sp_aij_11,8982779,0.1,10,661,13,20,even
143,4.545454545454546,0.0504423205859835,0.0746809672616411,0.1590288937450037,0.2851452973278044,0.4736592309924408,0.056594529535421,0.1127894101935358,0.0074034013788415,0.2401664396490336,0.4550102296662037,10_sp_aij_11,8982779,0.1,10,661,13,20,even
144,6.0606060606060606,0.0455749457552996,0.08890603243327,0.1131860061105247,0.4096338626359583,0.6668475024322562,0.0568369620543105,0.0863718683798377,0.0110067617061323,0.1612737364265039,0.5300714987345586,10_sp_aij_11,8982779,0.1,10,661,13,20,even
145,7.878787878787879,0.0293061784505835,0.0834604707647884,0.0967352005727511,0.4708154185489131,0.6079628078280758,0.0307135525415185,0.0877345133171236,0.013392384476045,0.2235061479080434,0.6430348337421775,10_sp_aij_11,8982779,0.1,10,661,13,20,even
146,9.393939393939394,0.0163904926537244,0.0797236422244254,0.1089737336457963,0.3385306353225866,0.5174915836076532,0.0351937622996271,0.0809429772158966,0.0261277256992635,0.2554924531639824,0.665565274195905,10_sp_aij_11,8982779,0.1,10,661,13,20,even
147,10.90909090909091,0.0172557956427241,0.0738203496207848,0.1497579203329977,0.4066124500256366,0.6271007459465971,0.0366556580598796,0.0821866171715052,0.0387768839500527,0.2016275189321784,0.5437446255028541,10_sp_aij_11,8982779,0.1,10,661,13,20,even
148,12.424242424242424,0.0153867411930928,0.0991206062785597,0.1331763914364279,0.4200078704449612,0.4341335442484403,0.0265864243295576,0.1104676143524984,0.0355194726267562,0.2732993864889993,0.535685691340365,10_sp_aij_11,8982779,0.1,10,661,13,20,even
149,13.93939393939394,0.0118838095327845,0.0752899541304848,0.1326774831609185,0.5004139266873454,0.4790580035565671,0.0234710551765773,0.126217319614789,0.041850936023009,0.2299316433744012,0.4743078326885929,10_sp_aij_11,8982779,0.1,10,661,13,20,even
150,15.757575757575758,0.0097762944052693,0.0914616918052143,0.1288515928640243,0.4003490483092616,0.4742094023977,0.0329834889296573,0.1836833625939843,0.0358144170038414,0.2315126646307905,0.4735644764555873,10_sp_aij_11,8982779,0.1,10,661,13,20,even
151,17.272727272727273,0.0085113105992898,0.120730217166259,0.1438287214955916,0.4829337514418837,0.4510203044344914,0.0342570379432193,0.1737544499319858,0.0388948209563858,0.2028182933695128,0.5601452636549653,10_sp_aij_11,8982779,0.1,10,661,13,20,even
152,18.78787878787879,0.0076635736755239,0.1274171347791239,0.1423308506140622,0.3745931672963758,0.3937015485065869,0.0272460637999848,0.1507803937204409,0.0579967701235108,0.1767024267987545,0.5641311616633577,10_sp_aij_11,8982779,0.1,10,661,13,20,even
153,20.303030303030305,0.0106164226317202,0.0902146151714542,0.1838173963230304,0.3226875286227382,0.4614110403934926,0.0248259383714419,0.1106612300906502,0.0561025331826651,0.2260806295968765,0.4574225170173674,10_sp_aij_11,8982779,0.1,10,661,13,20,even
154,21.81818181818182,0.0073388248860277,0.0932308195848365,0.1285183690852387,0.3141383296063095,0.411652837710372,0.0259603389543991,0.1280597490368186,0.0496230398184428,0.2320809205460594,0.4156562372032603,10_sp_aij_11,8982779,0.1,10,661,13,20,even
155,23.63636363636364,0.0055751909877904,0.1075018181337588,0.1456089209869247,0.3613096476117737,0.4804659795670658,0.0229960116751679,0.1347203077843712,0.0380335074844178,0.2289621660939899,0.4808340491217583,10_sp_aij_11,8982779,0.1,10,661,13,20,even
156,25.151515151515152,0.0054505752297053,0.0925711309650589,0.1726483214290745,0.3145434965929127,0.5795892185783112,0.0304485587246376,0.0951927327149643,0.0595592027891073,0.1793441661082323,0.4674290229481342,10_sp_aij_11,8982779,0.1,10,661,13,20,even
157,26.666666666666668,0.0059689833802575,0.0742963211072084,0.1826708869517186,0.3384037791087089,0.5205703226058641,0.0265344699063434,0.1016970407556753,0.0571502652384868,0.2173982106029593,0.4598904452591977,10_sp_aij_11,8982779,0.1,10,661,13,20,even
158,28.181818181818183,0.0048184479347394,0.0691426941580713,0.1679874024374805,0.3160514035756278,0.4510250649985668,0.0407614801406424,0.1129921579971633,0.0525983108179393,0.2620919701802575,0.5517988389384174,10_sp_aij_11,8982779,0.1,10,661,13,20,even
159,30.0,0.0049902003517154,0.0750651814488963,0.1644551757071755,0.4118509860863132,0.5594402098781179,0.0394676469145094,0.1208722152067625,0.0701523671679136,0.1680671440002875,0.563725185506139,10_sp_aij_11,8982779,0.1,10,661,13,20,even
160,0.0,0.06,0.08,0.04,0.05,0.07,0.09,0.05,0.09,0.04,0.05,10_sp_aij_11,9036584,0.1,10,661,13,20,even
161,1.5151515151515151,0.0629049505246622,0.0732304420491598,0.0731061332285409,0.1390369433104094,0.168569208923617,0.1086616228670293,0.0680902243628462,0.0775174324856815,0.0669227984860143,0.0991770197351289,10_sp_aij_11,9036584,0.1,10,661,13,20,even
162,3.0303030303030303,0.0490456498508428,0.0780595160641259,0.1242463418734606,0.1935007873114611,0.3060061808990698,0.0980145442196641,0.1043603699885344,0.0731927124467178,0.1431763479974668,0.2970324669320134,10_sp_aij_11,9036584,0.1,10,661,13,20,even
163,4.545454545454546,0.0382319360439803,0.0576389801330627,0.1516673325106199,0.3610824981320951,0.5769199060277678,0.1095379239590813,0.1292888806859717,0.0569979063290963,0.218722291785348,0.3531551795588038,10_sp_aij_11,9036584,0.1,10,661,13,20,even
164,6.0606060606060606,0.0250533062292117,0.0943632766809994,0.1228499858326373,0.3262011034295012,0.359817941459935,0.1059820081534145,0.1632617342365435,0.0526354185094756,0.259523273090696,0.4515140484304028,10_sp_aij_11,9036584,0.1,10,661,13,20,even
165,7.878787878787879,0.0149551810378341,0.0751993491164996,0.1611299442282427,0.3563186269647907,0.444393141460574,0.0653594245463763,0.1231384777469675,0.0387744571951141,0.2821554082662278,0.4017762065967583,10_sp_aij_11,9036584,0.1,10,661,13,20,even
166,9.393939393939394,0.0123719522261678,0.0595600496618651,0.1554171238997014,0.3649891496201316,0.588402179356165,0.0673107189569149,0.1356724364968787,0.0387942697503567,0.2439889523296703,0.4564645115879678,10_sp_aij_11,9036584,0.1,10,661,13,20,even
167,10.90909090909091,0.0122187634441627,0.0954882892696317,0.1431518256140929,0.3416619472659201,0.4318722996638895,0.0668088115620381,0.1028567464004484,0.0263114046861087,0.2433114037098371,0.4406074066055765,10_sp_aij_11,9036584,0.1,10,661,13,20,even
168,12.424242424242424,0.0087314611965942,0.1227578193776637,0.1695371868416862,0.2927989958071851,0.5040347548431664,0.0641027220752685,0.0852464942554499,0.0313142455573437,0.2165367831398943,0.5033827816005834,10_sp_aij_11,9036584,0.1,10,661,13,20,even
169,13.93939393939394,0.0098050790708667,0.0951280555260376,0.1710986045162407,0.4134719387663065,0.433252062899614,0.0660216367678611,0.0842528946829734,0.0456698315823721,0.2399320418853846,0.5283792395223231,10_sp_aij_11,9036584,0.1,10,661,13,20,even
170,15.757575757575758,0.0068574979306837,0.0796229601225796,0.1243281472176487,0.2161930211922262,0.4568801820275263,0.0817438527530803,0.082883181149531,0.0619787442148794,0.2116986103699089,0.4458835950109424,10_sp_aij_11,9036584,0.1,10,661,13,20,even
171,17.272727272727273,0.0082284293271016,0.0926945074293986,0.1269149833156236,0.4443378601514511,0.481678510899245,0.0828920969416897,0.0906830257239862,0.0928441069204937,0.2083053191932165,0.5089069284639819,10_sp_aij_11,9036584,0.1,10,661,13,20,even
172,18.78787878787879,0.0081880062327944,0.069094984010205,0.1611753441660509,0.3188937846582576,0.3812079552427482,0.0658956361997243,0.1154434993768519,0.1346147403010223,0.2135556539742885,0.4544431170954762,10_sp_aij_11,9036584,0.1,10,661,13,20,even
173,20.303030303030305,0.0091316675153304,0.072206178125019,0.1434447373579966,0.3294401169300004,0.3884071000050882,0.0732848802702567,0.0873819408755133,0.0790592086406751,0.162177498448368,0.3728773186742926,10_sp_aij_11,9036584,0.1,10,661,13,20,even
174,21.81818181818182,0.0095652644919627,0.0996697049309767,0.1317229041582742,0.331119299418309,0.4179746881225077,0.0795298898822828,0.0808162209001587,0.0915985491798231,0.2453175631727976,0.414716026891706,10_sp_aij_11,9036584,0.1,10,661,13,20,even
175,23.63636363636364,0.0099269701975731,0.075165269389705,0.1999584625144257,0.3085470631653413,0.4232031305531443,0.080967401279423,0.1100521987228059,0.0999031591505791,0.2305533742872287,0.4000430581461681,10_sp_aij_11,9036584,0.1,10,661,13,20,even
176,25.151515151515152,0.0155107693876238,0.0674002693946202,0.1646584544539951,0.3065117974863846,0.3995857644218307,0.0590532038171992,0.1447090423706808,0.0598593107882148,0.2209019933103396,0.3917817626674542,10_sp_aij_11,9036584,0.1,10,661,13,20,even
177,26.666666666666668,0.0147703039359245,0.0801451758870369,0.1735043388329451,0.3902854046809809,0.469174725026679,0.0733719493771555,0.1282795811129831,0.0752087883693376,0.2190171241263115,0.5196928559427922,10_sp_aij_11,9036584,0.1,10,661,13,20,even
178,28.181818181818183,0.0068699925570248,0.0872054594506319,0.1826732238170355,0.3642513184922057,0.5049844652618155,0.089949055355574,0.1596030597605285,0.0558824611149641,0.2469346143079466,0.4483592521779027,10_sp_aij_11,9036584,0.1,10,661,13,20,even
179,30.0,0.006180826919252,0.0845631951061742,0.1863700916467131,0.3734446948366691,0.3786110165250161,0.0768680912908828,0.1365568552458903,0.0622539637761517,0.2056805807454943,0.4639804983654411,10_sp_aij_11,9036584,0.1,10,661,13,20,even
180,0.0,0.06,0.06,0.01,0.01,0.01,0.08,0.08,0.04,0.04,0.05,10_sp_aij_11,9845126,0.1,10,661,13,20,even
181,1.5151515151515151,0.0550955776507436,0.0551877371777199,0.0169656319042279,0.0329215756729605,0.0202939738542346,0.1082389058020912,0.0614129677020226,0.04479424907662,0.0738359135469168,0.0793330593203257,10_sp_aij_11,9845126,0.1,10,661,13,20,even
182,3.0303030303030303,0.0372011657682628,0.046271795685596,0.0448499810223922,0.1210585597907759,0.0653766493545371,0.110722623484282,0.0681673445858566,0.0513178738594148,0.1910182731008945,0.1158537959159497,10_sp_aij_11,9845126,0.1,10,661,13,20,even
183,4.545454545454546,0.0302709736989055,0.032202074057901,0.0753286010430311,0.1536164702261554,0.1295158331346541,0.1123439589194024,0.0940356609723049,0.0364441365621215,0.2407577923123711,0.222608918872432,10_sp_aij_11,9845126,0.1,10,661,13,20,even
184,6.0606060606060606,0.0166514877778847,0.0282463341154852,0.1082852374201066,0.2548298086574873,0.2676982460500114,0.1013834798283682,0.1262630336386868,0.0206647248357037,0.257896614370352,0.3242670075064378,10_sp_aij_11,9845126,0.1,10,661,13,20,even
185,7.878787878787879,0.0138536079282401,0.0297669764204909,0.1553121100511031,0.2844854620099404,0.3257091627922278,0.0869283992390736,0.1128835397724332,0.0349938780847759,0.1629604298153488,0.4096156475920933,10_sp_aij_11,9845126,0.1,10,661,13,20,even
186,9.393939393939394,0.0124359744185791,0.0406539596462219,0.162745262964741,0.3735633504275713,0.4492135618736428,0.1042201777614208,0.147951172689788,0.0457126871246483,0.2387560215677769,0.4822010876701382,10_sp_aij_11,9845126,0.1,10,661,13,20,even
187,10.90909090909091,0.0098965626594428,0.0746579593603034,0.2258401483079961,0.4084287814417104,0.4897243538459112,0.0806357259295041,0.1445339893904071,0.041428014968285,0.253008628445533,0.606391924815517,10_sp_aij_11,9845126,0.1,10,661,13,20,even
188,12.424242424242424,0.0095731045271785,0.110303325807171,0.2003421623470344,0.2855047119596165,0.4331112524255525,0.0960427622572316,0.1221943396683006,0.0513534086084149,0.1899176394329603,0.401676715594395,10_sp_aij_11,9845126,0.1,10,661,13,20,even
189,13.93939393939394,0.0093238265933875,0.1213580332860059,0.2029385404578247,0.3200516893967449,0.4537870088500392,0.0702570721303576,0.1211023374675073,0.063462980884154,0.2425092124019997,0.4853361373221883,10_sp_aij_11,9845126,0.1,10,661,13,20,even
190,15.757575757575758,0.0160676542128888,0.0851465747117547,0.1588249556200191,0.4050193074188441,0.5138840530032076,0.0480358966242838,0.1299068738936952,0.0741436297817605,0.1865239312309765,0.4363011745097521,10_sp_aij_11,9845126,0.1,10,661,13,20,even
191,17.272727272727273,0.0158271357927201,0.0725136115309695,0.1833618744073702,0.3339057092205924,0.3945212540596207,0.0467349451171288,0.1471845781763754,0.0680157063115888,0.1704161239970124,0.5215836064519793,10_sp_aij_11,9845126,0.1,10,661,13,20,even
192,18.78787878787879,0.0155655447072915,0.0856989857205536,0.1904307467011628,0.3626273011422557,0.5028762191313134,0.060654424160224,0.1364604972406561,0.050763953110645,0.1887984880000061,0.5194176923423603,10_sp_aij_11,9845126,0.1,10,661,13,20,even
193,20.303030303030305,0.0110267128680966,0.0946836836164822,0.1148029983690665,0.3206257610949055,0.4782497067215704,0.0618426808502109,0.1198245587443387,0.0621362094845931,0.1399227637268826,0.5983556586962034,10_sp_aij_11,9845126,0.1,10,661,13,20,even
194,21.81818181818182,0.0104055299263917,0.1195175712420882,0.0987859415550252,0.4216192010156621,0.5266795273177097,0.0800466485625274,0.128391012574879,0.0813924951986417,0.1668492712185266,0.5401508471468756,10_sp_aij_11,9845126,0.1,10,661,13,20,even
195,23.63636363636364,0.0116671870054943,0.1067457077419872,0.1196097859106694,0.3206471749525446,0.3390874838916585,0.0680155313509134,0.1110054914034264,0.0675986644122172,0.1507871429788111,0.4858474750670057,10_sp_aij_11,9845126,0.1,10,661,13,20,even
196,25.151515151515152,0.0117686081656885,0.1263377680727005,0.1709128342465699,0.1894301718892711,0.4701067156784634,0.0552821858662545,0.093000297197645,0.0658875073325263,0.1821036772826731,0.4106891580866547,10_sp_aij_11,9845126,0.1,10,661,13,20,even
197,26.666666666666668,0.0100735140469995,0.0764242014309458,0.1038739464070874,0.3255966950151065,0.3977277167873989,0.0694883380655361,0.0853825577588376,0.0778826848868963,0.2266069315384266,0.4621814982214256,10_sp_aij_11,9845126,0.1,10,661,13,20,even
198,28.181818181818183,0.0079946081015886,0.0515617572203755,0.1801376467346822,0.2793091252074345,0.3795875201188974,0.0879319998223904,0.1046597828512683,0.0833212147130869,0.1952114183444909,0.3660233015475643,10_sp_aij_11,9845126,0.1,10,661,13,20,even
199,30.0,0.0073399781843466,0.0667431977221818,0.1810884882839729,0.3410263786283609,0.4376470330742135,0.089952693350194,0.0956662619276602,0.0778273723879619,0.1769248841757463,0.372208529422411,10_sp_aij_11,9845126,0.1,10,661,13,20,even
200,0.0,0.03,0.04,0.07,0.08,0.06,0.09,0.06,0.05,0.01,0.03,10_sp_aij_11,10488077,0.1,10,661,13,20,even
201,1.5151515151515151,0.0305592056990352,0.0661403832197281,0.0787255665005,0.175162676379819,0.0942020481124667,0.0760493172289267,0.0674901580545379,0.0704528817660591,0.0314137187379609,0.0806760972929597,10_sp_aij_11,10488077,0.1,10,661,13,20,even
202,3.0303030303030303,0.0286115184246102,0.0912169994702451,0.094959206969206,0.2629722525965181,0.1512442376613256,0.1087296530030741,0.122700697795262,0.0723305695358278,0.1002165542184723,0.2198564411506964,10_sp_aij_11,10488077,0.1,10,661,13,20,even
203,4.545454545454546,0.0277489636406873,0.0823344974972005,0.1374078338296512,0.4181342149834057,0.3044440150441543,0.0905152578555975,0.2228405858318953,0.0618029470835633,0.1708075986700309,0.386476327672031,10_sp_aij_11,10488077,0.1,10,661,13,20,even
204,6.0606060606060606,0.0292061903307895,0.0655867331123837,0.1569126749142463,0.3342590851472244,0.3708186719517128,0.0966317540609838,0.220214927079896,0.0766440629136825,0.1693760225954056,0.4622721200075881,10_sp_aij_11,10488077,0.1,10,661,13,20,even
205,7.878787878787879,0.0207047715101237,0.0635542777275743,0.1203015058728515,0.2523536172714221,0.2623905750187637,0.0857975668578212,0.1636809431803444,0.0948760736227126,0.1922325330911771,0.4038270122997472,10_sp_aij_11,10488077,0.1,10,661,13,20,even
206,9.393939393939394,0.0211205640512672,0.0628488002521432,0.1117858213225681,0.3375633551432949,0.3636055834460308,0.1078025927935031,0.1234969206450107,0.0863354642430767,0.1756100767054656,0.3797010857586468,10_sp_aij_11,10488077,0.1,10,661,13,20,even
207,10.90909090909091,0.025156192382657,0.0875128795696466,0.1432538162764103,0.3731636574890141,0.3741875070848957,0.0647769686056311,0.1239776325195116,0.0885985497925143,0.1803669381834177,0.4040554229076816,10_sp_aij_11,10488077,0.1,10,661,13,20,even
208,12.424242424242424,0.0155207499439781,0.1140562659754431,0.1203241506029784,0.3756842140722519,0.4263342355620299,0.0924088716581838,0.1708111119087504,0.0948150313599773,0.1676285720443366,0.4166516193404161,10_sp_aij_11,10488077,0.1,10,661,13,20,even
209,13.93939393939394,0.0134996006963874,0.1096876853618204,0.1873892518239547,0.4059033974028778,0.6024016457147573,0.0692422701937998,0.16305062392602,0.1132513459043536,0.2817565984386836,0.5308011925176925,10_sp_aij_11,10488077,0.1,10,661,13,20,even
210,15.757575757575758,0.0165581970497345,0.1485119428320142,0.2368301195566925,0.3780463245148213,0.6133781652107476,0.0421532039380514,0.1326054311861453,0.0732959786781661,0.2122394611987473,0.5309472860006487,10_sp_aij_11,10488077,0.1,10,661,13,20,even
211,17.272727272727273,0.0151319204782405,0.1242370508706834,0.2115097387096362,0.4506806500851027,0.4523844282246721,0.0419460533214412,0.1167062920857953,0.0772643940220653,0.2049868300561974,0.4540273851794782,10_sp_aij_11,10488077,0.1,10,661,13,20,even
212,18.78787878787879,0.0232081671141635,0.0818573574030841,0.1449316077213438,0.3918396155739261,0.4773756687919462,0.0273359916466129,0.1283022092358791,0.0925351651577031,0.2246116091495697,0.47584219625766,10_sp_aij_11,10488077,0.1,10,661,13,20,even
213,20.303030303030305,0.0169815837004771,0.0827197530870914,0.1340526049797815,0.3684229749170581,0.4742861240801967,0.0246521303519074,0.1653330824210473,0.0486685699230189,0.2744000268739707,0.4549984274560959,10_sp_aij_11,10488077,0.1,10,661,13,20,even
214,21.81818181818182,0.0148974011282321,0.0694300051960634,0.1124280397482168,0.3830540531147502,0.4658055264768075,0.0323608143940261,0.1490904089575672,0.0493149024852744,0.2537847507970279,0.4534355296805931,10_sp_aij_11,10488077,0.1,10,661,13,20,even
215,23.63636363636364,0.0159663194837,0.0666607952863213,0.1285162447999648,0.3210844478566589,0.3944198512856187,0.0448692978747013,0.1193496965141079,0.063549568496874,0.2960562223243259,0.499594487536138,10_sp_aij_11,10488077,0.1,10,661,13,20,even
216,25.151515151515152,0.0107654807162458,0.0555973154697778,0.1662165382697099,0.323018654066328,0.5160708290302136,0.0410885333935247,0.1263114356955422,0.0354376072831554,0.2936966332141563,0.5260967743169992,10_sp_aij_11,10488077,0.1,10,661,13,20,even
217,26.666666666666668,0.0085411338322452,0.0457722847245699,0.1472526391863078,0.3804535706249883,0.532432652175342,0.0399863582137934,0.1130619850587047,0.0450818069845996,0.2107759904236789,0.492927986961675,10_sp_aij_11,10488077,0.1,10,661,13,20,even
218,28.181818181818183,0.0081863683346513,0.0550197827216773,0.1537919108193516,0.3531515494673576,0.454344737993155,0.0386030172514153,0.104229817475872,0.0583719069319457,0.2443843240204933,0.570616222844279,10_sp_aij_11,10488077,0.1,10,661,13,20,even
219,30.0,0.0082382687357946,0.0485939081459163,0.1358536654914488,0.3282156176199366,0.5517747270201363,0.0458405911710968,0.0999196412356454,0.081083994158612,0.2092885631181209,0.5128015710380345,10_sp_aij_11,10488077,0.1,10,661,13,20,even
220,0.0,0.09,0.05,0.08,0.02,0.07,0.04,0.01,0.05,0.05,0.01,10_sp_aij_11,11563241,0.1,10,661,13,20,even
221,1.5151515151515151,0.0723900731093461,0.0517114924225501,0.1103249691648257,0.0384259695767954,0.0904563153234564,0.0343827183248077,0.0187844636633372,0.0353385565058764,0.1039834304645563,0.0351089673080646,10_sp_aij_11,11563241,0.1,10,661,13,20,even
222,3.0303030303030303,0.0647887860739139,0.0465572795946887,0.154743665284506,0.105416240260369,0.17100191238599,0.0407426560889973,0.0220094281437133,0.0267614970014948,0.1861007919694648,0.0944898917021196,10_sp_aij_11,11563241,0.1,10,661,13,20,even
223,4.545454545454546,0.0527773000965891,0.0398274262237327,0.1422816707125678,0.1969273598157401,0.2625935130356233,0.0734296473413923,0.0361537487652171,0.0286656676777154,0.2589391448923726,0.2389783465582547,10_sp_aij_11,11563241,0.1,10,661,13,20,even
224,6.0606060606060606,0.0427949486426609,0.0474403519191505,0.1096551794762307,0.2946689797267344,0.3341529901713513,0.0783702001980488,0.0755363212743134,0.0235784581227345,0.2744330095806739,0.4094996162982374,10_sp_aij_11,11563241,0.1,10,661,13,20,even
225,7.878787878787879,0.0467138608596567,0.0484314372982682,0.1350351242208118,0.4069736148599562,0.4588346231745642,0.0798203787711829,0.1355189320923366,0.0195390347611957,0.2898998589711704,0.564459386808169,10_sp_aij_11,11563241,0.1,10,661,13,20,even
226,9.393939393939394,0.0328890206283161,0.0519240391494779,0.1081214266459021,0.3997631254996086,0.66989466718501,0.0610007527865766,0.1635551099075116,0.0310194592382547,0.2064633576603649,0.6402652494193082,10_sp_aij_11,11563241,0.1,10,661,13,20,even
227,10.90909090909091,0.0180774472619708,0.0570341197479716,0.169038057578519,0.3775351531269995,0.4931054936208618,0.0472146280328971,0.1389187645158645,0.0314902442415398,0.2686469365798664,0.5154341943883224,10_sp_aij_11,11563241,0.1,10,661,13,20,even
228,12.424242424242424,0.0154126865931837,0.0634157867349457,0.1596983909931975,0.3432144246785544,0.6190513616907257,0.0492693687381705,0.1253306727371926,0.0328967970942742,0.2617395631038829,0.4966086398437163,10_sp_aij_11,11563241,0.1,10,661,13,20,even
229,13.93939393939394,0.0147262601111962,0.0785124067580215,0.1176253144373789,0.487542831967614,0.4457915515772278,0.0473126405170675,0.1074142513992355,0.0552929341513046,0.2255974731145179,0.4448704854457018,10_sp_aij_11,11563241,0.1,10,661,13,20,even
230,15.757575757575758,0.0110445909750201,0.0707684032389779,0.1819220798337193,0.4487922049870646,0.5485823565933716,0.0425946946801554,0.1434614904416634,0.0394583371566625,0.2494018294154686,0.5076608327007179,10_sp_aij_11,11563241,0.1,10,661,13,20,even
231,17.272727272727273,0.0079495571239191,0.0770496760443592,0.1231426559063051,0.2896133787255976,0.4995913755814716,0.0590750989318046,0.1279796742600795,0.0518260267386784,0.2882642416391314,0.4805453557283768,10_sp_aij_11,11563241,0.1,10,661,13,20,even
232,18.78787878787879,0.0091721564827725,0.0526737846083167,0.1189262661598873,0.3874632295838565,0.4587165201938894,0.0670859439193334,0.1397613754409137,0.0804697302669922,0.2927060785471369,0.5116563010832155,10_sp_aij_11,11563241,0.1,10,661,13,20,even
233,20.303030303030305,0.0044614790798553,0.0639013231436811,0.1235190157530482,0.366284635812881,0.4887915373869778,0.0737936662970459,0.130563002976459,0.0710513450657105,0.2464239644927508,0.5226039608767272,10_sp_aij_11,11563241,0.1,10,661,13,20,even
234,21.81818181818182,0.003355497666929,0.0735822069935385,0.1196028368107265,0.3759526317849174,0.4629174392738807,0.0778427321609389,0.1138077427466501,0.0954259058497112,0.1951005150276873,0.52189246668182,10_sp_aij_11,11563241,0.1,10,661,13,20,even
235,23.63636363636364,0.0036608838842046,0.0631800718440619,0.1221871975909248,0.3824659354723084,0.4120156597531049,0.0576414167473812,0.1696827869896747,0.084583225812701,0.2509477234078707,0.4607240396080428,10_sp_aij_11,11563241,0.1,10,661,13,20,even
236,25.151515151515152,0.0046638149387228,0.0615046973764819,0.1492776504693435,0.2962001305044539,0.4515171114500613,0.0522858041899211,0.1466048228423751,0.0695549548224042,0.1716189607766394,0.4453944209854054,10_sp_aij_11,11563241,0.1,10,661,13,20,even
237,26.666666666666668,0.0057799917175913,0.0655731521486142,0.1054512819209373,0.3672451834328009,0.3964572516753576,0.0409262927971066,0.1341073703369366,0.0639203239130561,0.2418354882142409,0.4354797901607855,10_sp_aij_11,11563241,0.1,10,661,13,20,even
238,28.181818181818183,0.0065549061334397,0.0772588800487359,0.1512889154305994,0.3398590109082313,0.5442154138151097,0.037415651304227,0.1351890261381334,0.0490659518671746,0.2109099170635944,0.434423434243692,10_sp_aij_11,11563241,0.1,10,661,13,20,even
239,30.0,0.0065482969129905,0.0897122506874529,0.0980735084710769,0.4031104149696766,0.534184870087231,0.0376757774914689,0.2014925864608471,0.0476023124631762,0.2079065383537744,0.4734619884652629,10_sp_aij_11,11563241,0.1,10,661,13,20,even
240,0.0,0.09,0.09,0.01,0.03,0.06,0.06,0.03,0.08,0.07,0.05,10_sp_aij_11,12733201,0.1,10,661,13,20,even
241,1.5151515151515151,0.0612303016517973,0.0662137754846549,0.019813267982055,0.0978781510614829,0.1347319647887622,0.0738909199914666,0.0421863403152039,0.0902958941713983,0.1368657225498943,0.1014750984909503,10_sp_aij_11,12733201,0.1,10,661,13,20,even
242,3.0303030303030303,0.05721631035802,0.0521378244297738,0.0459910098762946,0.2184903562310777,0.2357436983339104,0.0934600465404002,0.0632958235876376,0.1205012729206569,0.1885256149239438,0.2720595435160331,10_sp_aij_11,12733201,0.1,10,661,13,20,even
243,4.545454545454546,0.0499807262805908,0.0404119597331046,0.068412771695321,0.2942254848515018,0.4197628612382522,0.0954337923011583,0.1103264834391647,0.0993327132451346,0.2018878230692329,0.3286755461426545,10_sp_aij_11,12733201,0.1,10,661,13,20,even
244,6.0606060606060606,0.0344677512491886,0.0453930646157308,0.1197973220392581,0.2893609824846171,0.4404300690586903,0.0950276988633921,0.1291795111938103,0.1212197035594849,0.1730871381511983,0.4388767061681144,10_sp_aij_11,12733201,0.1,10,661,13,20,even
245,7.878787878787879,0.0366566382186202,0.0950865301059037,0.1284771867074092,0.2735724211259028,0.4166493297979963,0.0755229807682776,0.1761303483448306,0.0956532824394895,0.2561490105407818,0.3673784315900352,10_sp_aij_11,12733201,0.1,10,661,13,20,even
246,9.393939393939394,0.0228906822196948,0.0740113983393459,0.1486479361086629,0.432433835163635,0.3737797569115503,0.0680395053303665,0.1681129980470418,0.1073247433677159,0.163779776488683,0.4984722479198702,10_sp_aij_11,12733201,0.1,10,661,13,20,even
247,10.90909090909091,0.0205610953471961,0.0744624136637492,0.1604973732473372,0.3545522477931933,0.4558247394004293,0.0604730410267386,0.1482962651372793,0.1363006315031965,0.1869034465882466,0.3689912653887484,10_sp_aij_11,12733201,0.1,10,661,13,20,even
248,12.424242424242424,0.0202340946703234,0.0776353959285484,0.2226506004939763,0.3756627386150842,0.5214175614518446,0.0627587612735011,0.1037382578978703,0.1363937915274881,0.1855137770608596,0.4777952698249044,10_sp_aij_11,12733201,0.1,10,661,13,20,even
249,13.93939393939394,0.0269991458544404,0.0863078994983369,0.1202361415209238,0.3114433202867344,0.4561498203287408,0.0657594548906113,0.1157161249139907,0.1007254204486518,0.144835285383139,0.4335386590073121,10_sp_aij_11,12733201,0.1,10,661,13,20,even
250,15.757575757575758,0.0266697868703682,0.0890802872972617,0.1063239578307692,0.3635719672550549,0.3472028351898976,0.0679893640332287,0.1590292624757014,0.0906602292088631,0.1653559338925008,0.450373294322251,10_sp_aij_11,12733201,0.1,10,661,13,20,even
251,17.272727272727273,0.0204544324414334,0.0681562138206103,0.1065123588543893,0.3165767432960433,0.3208422376340857,0.040226813062312,0.1638186852846947,0.0856846640991657,0.2524926142357317,0.4613277567441988,10_sp_aij_11,12733201,0.1,10,661,13,20,even
252,18.78787878787879,0.0139752569416745,0.0595288681134121,0.1314911434254301,0.3399781074289736,0.370280771750929,0.0422531839263819,0.1443829816497224,0.0636440047562698,0.2232982989770093,0.5189296033227907,10_sp_aij_11,12733201,0.1,10,661,13,20,even
253,20.303030303030305,0.0115048356159481,0.0511219505694274,0.1672461404471761,0.3555804361226458,0.4992869607107204,0.032067406638593,0.1146894862616783,0.0752232140991241,0.1968305285783018,0.3955991126361965,10_sp_aij_11,12733201,0.1,10,661,13,20,even
254,21.81818181818182,0.0081000271216027,0.0492803069004776,0.2060985250007533,0.3112900296064487,0.4784253519756758,0.0409719393663433,0.1081767219162779,0.0753634458284485,0.2233584769124278,0.4845568560289536,10_sp_aij_11,12733201,0.1,10,661,13,20,even
255,23.63636363636364,0.0098674701028697,0.0544027166494163,0.1799473350757245,0.3668452476621076,0.4769929451236293,0.0529758180672446,0.1781272715626452,0.0682129638423663,0.1748243841673079,0.5834377382631277,10_sp_aij_11,12733201,0.1,10,661,13,20,even
256,25.151515151515152,0.0089022066882041,0.0819768578212426,0.1758375271019013,0.2948622944424594,0.4826388045990349,0.0580142277235144,0.1490035464588618,0.0690257575699625,0.1888829868044004,0.534178139411537,10_sp_aij_11,12733201,0.1,10,661,13,20,even
257,26.666666666666668,0.0093584253797164,0.0956082931199213,0.1410203531577953,0.2759525138067853,0.4781973626416738,0.0590829522174063,0.1079733693630756,0.071207483104971,0.1838270599307067,0.5472577820969519,10_sp_aij_11,12733201,0.1,10,661,13,20,even
258,28.181818181818183,0.0070802165513857,0.0968373007365294,0.1220444249694118,0.4400980182641598,0.3803528187504209,0.0622010194723103,0.1221663542164418,0.0752807526490945,0.1922615545947305,0.4802013695627791,10_sp_aij_11,12733201,0.1,10,661,13,20,even
259,30.0,0.008370169442714,0.0564298286508321,0.1786024155800736,0.3244002785632991,0.4558069749797884,0.0399730724349641,0.1161453835856856,0.0720300768145221,0.246007759300435,0.5328306609343662,10_sp_aij_11,12733201,0.1,10,661,13,20,even
