,time,species_0,species_1,species_2,species_3,species_4,species_5,species_6,species_7,species_8,species_9,ground_truth,timeseries_id,noise,n_species,did,n_timeseries,n_timepoints,sampling_scheme
0,0.0,0.04,0.05,0.01,0.02,0.02,0.07,0.01,0.09,0.07,0.03,10_sp_aij_15,36656,0.1,10,1524,25,50,even
1,0.6060606060606061,0.0481248444355687,0.0546379134876858,0.0091784105558908,0.0260216403509588,0.0250694075916133,0.0711660488812655,0.0103790733311357,0.0748516649243817,0.0720832378036423,0.0268526933108663,10_sp_aij_15,36656,0.1,10,1524,25,50,even
2,1.2121212121212122,0.063988550949878,0.0575471843006364,0.0096785216189356,0.0252388502476739,0.0318566936059037,0.0785030940436682,0.0108673410016745,0.0821867803337026,0.0836884004792842,0.030537180730981,10_sp_aij_15,36656,0.1,10,1524,25,50,even
3,1.8181818181818183,0.0807094716229253,0.0534086442730835,0.0094415622072096,0.0304873950881765,0.0319710959443877,0.0880774717743823,0.0133057643343471,0.1013526534024803,0.1074522193222066,0.0322912400881553,10_sp_aij_15,36656,0.1,10,1524,25,50,even
4,2.4242424242424243,0.0852095861804952,0.0737242591494403,0.007285653038581,0.0377954119445602,0.0390351186975683,0.1060146597654878,0.016694212473572,0.1015846168158948,0.1179084479981271,0.0312244115878943,10_sp_aij_15,36656,0.1,10,1524,25,50,even
5,3.0303030303030303,0.1041397414815455,0.0800630659526747,0.0077305443020139,0.0489259136639846,0.031950908749351,0.0992456867117913,0.0238822000746234,0.1058755256361002,0.097399754555418,0.0320658297514904,10_sp_aij_15,36656,0.1,10,1524,25,50,even
6,3.6363636363636367,0.1202621143351771,0.0866834304995344,0.0074326499651861,0.0486298152052974,0.0300219409485235,0.0799271428332596,0.0329289402531692,0.1262969915307296,0.0858772953120757,0.0268252853351673,10_sp_aij_15,36656,0.1,10,1524,25,50,even
7,4.242424242424242,0.1228740551287272,0.0870918763307411,0.0065133176904681,0.0508979491489827,0.0311628246490478,0.0909244028547807,0.0321730781280559,0.1375309414893235,0.0889044367575739,0.0349564308424937,10_sp_aij_15,36656,0.1,10,1524,25,50,even
8,4.848484848484849,0.1327889449614331,0.1124720714465215,0.0076790846361148,0.0672085843171351,0.0316607326553097,0.1148004880233861,0.0390080943622867,0.1312632602190404,0.1081993954741645,0.0322272971710269,10_sp_aij_15,36656,0.1,10,1524,25,50,even
9,5.454545454545455,0.109521609981304,0.1250426544743858,0.008837907221821,0.0813005871883702,0.0434778580842304,0.1464889383580732,0.033666341808473,0.145991446573729,0.1150875522124015,0.0415092288871413,10_sp_aij_15,36656,0.1,10,1524,25,50,even
10,6.0606060606060606,0.1263600082682385,0.1248702295983808,0.007829398300148,0.0963421046476825,0.0418500034066497,0.1405900059524528,0.0476759476498707,0.1505244410943511,0.1299333603301955,0.0497024702081012,10_sp_aij_15,36656,0.1,10,1524,25,50,even
11,6.666666666666667,0.1463949409191018,0.1292598842219552,0.0071129720282172,0.0885813409779015,0.0395132432568819,0.1275434440188936,0.0565204965345746,0.1353351345940066,0.1433992265469822,0.0515836383819582,10_sp_aij_15,36656,0.1,10,1524,25,50,even
12,7.272727272727273,0.1278911146444332,0.100234819871221,0.0085925129948308,0.106786344755854,0.0337716566898787,0.1331635990565712,0.0681412889421861,0.1196589191525568,0.1127895749052089,0.0488394469321695,10_sp_aij_15,36656,0.1,10,1524,25,50,even
13,7.878787878787879,0.1298162536560261,0.1077354114800385,0.0106929051731139,0.10232141016229,0.0405859838456169,0.1365927728353229,0.074181658868997,0.1321361303047052,0.1160201016904928,0.0556094311669976,10_sp_aij_15,36656,0.1,10,1524,25,50,even
14,8.484848484848484,0.1046300257093975,0.1079202546920586,0.0092970591815171,0.1010255772300139,0.0413486834853761,0.1362810885520048,0.079546770352915,0.1301729676321525,0.1169419324145077,0.0579728971155007,10_sp_aij_15,36656,0.1,10,1524,25,50,even
15,9.090909090909092,0.0684520455787871,0.1036960556627535,0.0095058855267758,0.0883994068269622,0.0463840066983016,0.1316683275639179,0.0790113666459311,0.1345782603060468,0.1278221676738506,0.0528238958612772,10_sp_aij_15,36656,0.1,10,1524,25,50,even
16,9.696969696969695,0.0607889239655919,0.0924367799434826,0.0101641243431588,0.0926397418939281,0.057308452166838,0.124103148694895,0.0967306885040837,0.1503937680671552,0.1306005005279371,0.0379815694029343,10_sp_aij_15,36656,0.1,10,1524,25,50,even
17,10.303030303030305,0.058016653652061,0.1023038241690589,0.0096297454265802,0.0796051537427294,0.0618532229572844,0.1349486391074607,0.1051651521949376,0.1400427971569785,0.1147726941306518,0.0319050302728972,10_sp_aij_15,36656,0.1,10,1524,25,50,even
18,10.90909090909091,0.0587921071380424,0.1069710705417949,0.0098767745306098,0.0595689991210846,0.0636030725034665,0.1278976376503472,0.1070170187932751,0.1287957341951755,0.1108402206732465,0.0343542535095581,10_sp_aij_15,36656,0.1,10,1524,25,50,even
19,11.515151515151516,0.0550415068797321,0.0824152454543974,0.0131255400568536,0.078138632910528,0.0760296287243142,0.1798766030308401,0.109043477327998,0.1262445836513651,0.1050990357074529,0.0381426308820715,10_sp_aij_15,36656,0.1,10,1524,25,50,even
20,12.12121212121212,0.0605406809155688,0.0853387756667033,0.0132083905593636,0.0911535042372108,0.087234106734962,0.1998524326327465,0.1448858353541209,0.1186875647732387,0.0988754639724061,0.043652703305129,10_sp_aij_15,36656,0.1,10,1524,25,50,even
21,12.727272727272728,0.0594543842669068,0.0570727905629756,0.0166999626746952,0.1103815965496598,0.0865633056297294,0.1834923474257101,0.152592614087615,0.1210187401906187,0.1218902123206279,0.0464521066780136,10_sp_aij_15,36656,0.1,10,1524,25,50,even
22,13.333333333333334,0.0548496972457719,0.0626387981246153,0.0216204775342579,0.1128663103577926,0.0681803594223774,0.2196939707210734,0.1815163005480547,0.140463827530929,0.1680160295230778,0.0482498199238189,10_sp_aij_15,36656,0.1,10,1524,25,50,even
23,13.93939393939394,0.0614962759561115,0.0689157948658463,0.0190575566197209,0.1048305441666425,0.0669642703980319,0.2153203633257824,0.2502405477550537,0.1609740278391492,0.1825211524750911,0.0420108668867289,10_sp_aij_15,36656,0.1,10,1524,25,50,even
24,14.545454545454549,0.0656891925078037,0.0710524768590604,0.0234350081935035,0.107723003908771,0.061973156665118,0.208730320523035,0.26287896477675,0.124435172031255,0.1751011621115131,0.0418942908644764,10_sp_aij_15,36656,0.1,10,1524,25,50,even
25,15.151515151515152,0.0784660443138069,0.0738565810084462,0.0218686676070083,0.1050338355259543,0.0569583358534604,0.2033847346833429,0.2181378541578985,0.1111677834781998,0.2087751315241741,0.0452920158629367,10_sp_aij_15,36656,0.1,10,1524,25,50,even
26,15.757575757575758,0.0727269126342146,0.058509699824962,0.0209846615176302,0.1027472305679569,0.0567785249986743,0.1775206022087299,0.1775558672175484,0.1105193593046545,0.2067863667721071,0.0493212214331348,10_sp_aij_15,36656,0.1,10,1524,25,50,even
27,16.363636363636363,0.0891285506363446,0.0492403972080409,0.0266999360594787,0.1051394635021771,0.0583927391539454,0.1824309457897215,0.1599224437488272,0.134748831207654,0.2203699361711709,0.0593376891849199,10_sp_aij_15,36656,0.1,10,1524,25,50,even
28,16.96969696969697,0.1086091598675512,0.0496435690837828,0.0333408629126405,0.0956047392876197,0.0556432288399192,0.1704827851186908,0.1777896958378557,0.1145377385325452,0.1887782085279493,0.0611332952222759,10_sp_aij_15,36656,0.1,10,1524,25,50,even
29,17.575757575757578,0.1085017602747606,0.0859882110884353,0.0307497448771192,0.1011142942390144,0.0495792269543485,0.1914225798386137,0.23528436850726,0.1215874879807751,0.2090644508706276,0.0655538826247972,10_sp_aij_15,36656,0.1,10,1524,25,50,even
30,18.181818181818183,0.0938499450591793,0.0737198842276917,0.0295160414657829,0.1017471166026549,0.0588078728523186,0.218769793156875,0.2192617851882943,0.1457112356946017,0.1875241844299316,0.0589604402077371,10_sp_aij_15,36656,0.1,10,1524,25,50,even
31,18.78787878787879,0.1060039563393466,0.0879590870350599,0.0341236137185189,0.0981432953082157,0.0554264620447324,0.2167790139810274,0.2597739194421513,0.134913776722838,0.1978996206593739,0.050511239598556,10_sp_aij_15,36656,0.1,10,1524,25,50,even
32,19.393939393939394,0.1164159196643289,0.0922903235727836,0.0345737842313946,0.1034943131130402,0.062967677563676,0.1942635935936385,0.2383064467898496,0.130813042323535,0.2020611154593818,0.037328530559881,10_sp_aij_15,36656,0.1,10,1524,25,50,even
33,20.0,0.1161977255650424,0.1040551724796032,0.0303931602473104,0.1128293141963341,0.0486787571035885,0.1923353164804853,0.277284391710273,0.1192112951138988,0.1832523798559141,0.0347275224463696,10_sp_aij_15,36656,0.1,10,1524,25,50,even
34,20.60606060606061,0.111146532192319,0.1235887232722724,0.0347127174891571,0.1147388574486765,0.0616648142314037,0.2024570441494508,0.2829050838731753,0.1116791194972642,0.178710859801053,0.0365803152420562,10_sp_aij_15,36656,0.1,10,1524,25,50,even
35,21.21212121212121,0.1371090313852363,0.1227448818897965,0.0321376028255352,0.1281994537228816,0.05593600714191,0.1967480286934587,0.2321616471315893,0.140065529295441,0.1816920296162247,0.031363418674574,10_sp_aij_15,36656,0.1,10,1524,25,50,even
36,21.81818181818182,0.1349955295746424,0.0877983822603112,0.0353615626845515,0.1284702641196018,0.0694857797505777,0.1858443859374386,0.2441458657359274,0.1022277225431574,0.2145385188287538,0.0277402928348609,10_sp_aij_15,36656,0.1,10,1524,25,50,even
37,22.424242424242426,0.1152299297900303,0.1081534656253507,0.039136203973114,0.1205097958732248,0.0564365979360692,0.1636197456224392,0.2024238423986798,0.1002696685313709,0.1906569837896245,0.0302768830194276,10_sp_aij_15,36656,0.1,10,1524,25,50,even
38,23.03030303030303,0.0968220107148781,0.1222996714451611,0.0362222451476646,0.112659208840168,0.0599335506816043,0.1560261738463905,0.1987572672356101,0.0829329784161351,0.1599369708805644,0.0395335201140371,10_sp_aij_15,36656,0.1,10,1524,25,50,even
39,23.63636363636364,0.117785746180614,0.1708427037591809,0.0373483389533997,0.131462361478249,0.0708589429250956,0.1272715857214386,0.2269710835675419,0.1022904720190393,0.1606932337224239,0.0450607121063257,10_sp_aij_15,36656,0.1,10,1524,25,50,even
40,24.24242424242424,0.1293439929635909,0.1516003983390339,0.0289560648760454,0.1221512342809308,0.0818443141346153,0.1538192290006414,0.2032408376443399,0.0975963479926345,0.1615566388706618,0.0405444270508868,10_sp_aij_15,36656,0.1,10,1524,25,50,even
41,24.848484848484848,0.1362283031522385,0.1154314025288389,0.0332165924594991,0.1001944794609498,0.1002482559554604,0.1529245036146581,0.217629285903303,0.071392881716394,0.1493105293925102,0.039951431479058,10_sp_aij_15,36656,0.1,10,1524,25,50,even
42,25.454545454545457,0.1479184450772962,0.100594355272182,0.035665533551122,0.0899754931344942,0.1047115759057918,0.1654960323686743,0.1874006720221761,0.0702050672289295,0.1567099922818475,0.0544842493288412,10_sp_aij_15,36656,0.1,10,1524,25,50,even
43,26.060606060606062,0.1414765353561413,0.0971303585481171,0.0262196918846336,0.1072131310852387,0.1229914584176921,0.1494187116502488,0.181450808108898,0.0768681086095792,0.2080569887789354,0.0763740475388225,10_sp_aij_15,36656,0.1,10,1524,25,50,even
44,26.666666666666668,0.1415158033161061,0.0842102991942536,0.0253743051894266,0.086377689904937,0.1421269721137836,0.1579338965164109,0.1868948973724279,0.0714322538489585,0.1885300943328969,0.0825218798840057,10_sp_aij_15,36656,0.1,10,1524,25,50,even
45,27.272727272727277,0.1424234036402546,0.0632219738310831,0.027668725848372,0.0840032649477001,0.1221212239679024,0.1742868671862792,0.2084151192846681,0.0688851981888538,0.1885293747924668,0.0706346996555118,10_sp_aij_15,36656,0.1,10,1524,25,50,even
46,27.87878787878788,0.1088659228216949,0.061552097617554,0.0313591011241157,0.0933165119945813,0.1091476776367054,0.1842994955154027,0.2224742250700274,0.0639351182998207,0.1836633402019513,0.0747404214315117,10_sp_aij_15,36656,0.1,10,1524,25,50,even
47,28.484848484848484,0.1016510495390876,0.0684511366866254,0.0307250232300563,0.1130802314987872,0.0988156513245926,0.1552232751347284,0.2229385540635005,0.0735611297317189,0.1730776974993715,0.0812244652458359,10_sp_aij_15,36656,0.1,10,1524,25,50,even
48,29.090909090909093,0.0997298245860199,0.0658861565144162,0.0283727511850923,0.0913039874450358,0.0800357884894678,0.1553118943689141,0.1948690004717571,0.0907012919163718,0.1469837214368368,0.0986709616951846,10_sp_aij_15,36656,0.1,10,1524,25,50,even
49,30.0,0.0892390333100218,0.0704192519442363,0.0340159979747402,0.1181622348187956,0.068031732068523,0.1660164694833284,0.1480391069913051,0.09731736869152,0.1732822144395102,0.083043471796306,10_sp_aij_15,36656,0.1,10,1524,25,50,even
50,0.0,0.07,0.09,0.06,0.08,0.05,0.07,0.01,0.02,0.03,0.06,10_sp_aij_15,41300,0.1,10,1524,25,50,even
51,0.6060606060606061,0.0966288692412727,0.0831480530754965,0.0571669569657866,0.0936094297545791,0.0579801910545828,0.0794910277820573,0.0113673482851976,0.024127100579441,0.0340517517068446,0.0666529064337834,10_sp_aij_15,41300,0.1,10,1524,25,50,even
52,1.2121212121212122,0.1050410276056799,0.0911486267824192,0.0470591264014279,0.0801559042760187,0.0617096238487116,0.0673146483972517,0.0182199175445211,0.0324619767861802,0.0356553716102388,0.0777101644539907,10_sp_aij_15,41300,0.1,10,1524,25,50,even
53,1.8181818181818183,0.1161821419413948,0.091273751410348,0.0398903430348252,0.0842434483551986,0.0829765390570063,0.0651115728630032,0.0216309503537578,0.0414410500130418,0.0452818724092547,0.1042269771858657,10_sp_aij_15,41300,0.1,10,1524,25,50,even
54,2.4242424242424243,0.1314348061418875,0.0823373551875614,0.0379025139818467,0.0957106425351717,0.0770200348229581,0.0773833189203197,0.0288061771414254,0.076342840750452,0.0654366602145999,0.1103100264497782,10_sp_aij_15,41300,0.1,10,1524,25,50,even
55,3.0303030303030303,0.0939700273716991,0.0656529964510292,0.0369505080470967,0.0712127616483937,0.0730388430334556,0.0745658859252461,0.0327201044247813,0.0729963662890873,0.0729625527011378,0.1027763045970283,10_sp_aij_15,41300,0.1,10,1524,25,50,even
56,3.6363636363636367,0.118442035386325,0.0798740247853079,0.0374030888850275,0.0650274716870137,0.106574052060909,0.069282897730129,0.0261985501944942,0.0893059136430174,0.0955479575455432,0.0781483961524646,10_sp_aij_15,41300,0.1,10,1524,25,50,even
57,4.242424242424242,0.1100093190964018,0.0996960406383371,0.0356912911714068,0.0732265353579887,0.0948023184056783,0.0599126606399408,0.0334580482312045,0.0901147868020761,0.1257424360496136,0.0827230902680184,10_sp_aij_15,41300,0.1,10,1524,25,50,even
58,4.848484848484849,0.1160219948364307,0.0881264994003799,0.0383656711513033,0.0724164518657145,0.0792753917419756,0.0588166508644519,0.0375152385338175,0.1065931006898786,0.1205028903461728,0.0938865687082378,10_sp_aij_15,41300,0.1,10,1524,25,50,even
59,5.454545454545455,0.1015506619647249,0.0932476235995714,0.033668312971536,0.0695569800249472,0.0961645827709297,0.0571169439826716,0.045326517688464,0.1204639742743676,0.1521646409466745,0.0865068019622847,10_sp_aij_15,41300,0.1,10,1524,25,50,even
60,6.0606060606060606,0.1040836991137054,0.0998531685020532,0.0397223456173292,0.0593479890679231,0.0902294774413597,0.0589605258395775,0.0499555638193634,0.1115343367245726,0.1394383876674908,0.0797461566582001,10_sp_aij_15,41300,0.1,10,1524,25,50,even
61,6.666666666666667,0.1022190838894695,0.0901897183104432,0.0355693787842489,0.0696861283252323,0.0980561040825137,0.0554446205985258,0.0577919545001857,0.1230353420876286,0.1422730882656594,0.0829320685697754,10_sp_aij_15,41300,0.1,10,1524,25,50,even
62,7.272727272727273,0.1137958905859395,0.0922170078442237,0.0331606999471677,0.0682582872817124,0.0863503333773109,0.0737250082050681,0.0680140492532961,0.126838234103284,0.1350203975053356,0.0825834689220924,10_sp_aij_15,41300,0.1,10,1524,25,50,even
63,7.878787878787879,0.1003406645861693,0.0857817723374224,0.0349962783025145,0.0679637869404401,0.0870650413549804,0.0803219173913226,0.0671493686819141,0.1542279259348153,0.1361162598570163,0.0756081968603177,10_sp_aij_15,41300,0.1,10,1524,25,50,even
64,8.484848484848484,0.1085531873376763,0.0995587833624393,0.041600226189219,0.0752988783680038,0.0699664844857065,0.0785543369039859,0.0651941864112894,0.1072619324307724,0.1223581154023104,0.0678993701520139,10_sp_aij_15,41300,0.1,10,1524,25,50,even
65,9.090909090909092,0.1080591441538092,0.1122791786916692,0.0344195016252512,0.0856888279331224,0.0643219226099823,0.0754666136274629,0.0887410311242792,0.1252544555318459,0.1177755114392366,0.0725856991965065,10_sp_aij_15,41300,0.1,10,1524,25,50,even
66,9.696969696969695,0.1251311211733943,0.0903210093920527,0.0330494383596466,0.0772925283131118,0.0604813490720747,0.1084980405188307,0.0684742549123375,0.1388154667630803,0.0994671253127946,0.0681532580906033,10_sp_aij_15,41300,0.1,10,1524,25,50,even
67,10.303030303030305,0.1411304706619146,0.1228842365547692,0.0304181384478638,0.0931336166435674,0.0561109504533816,0.1192646929424377,0.0730650841360486,0.1431989019345614,0.108259669173299,0.0643801570371738,10_sp_aij_15,41300,0.1,10,1524,25,50,even
68,10.90909090909091,0.1286912782115526,0.1314153497537587,0.032097149126574,0.0903265090482469,0.0611832688956795,0.1047580198748439,0.0866278409926869,0.1382316112260927,0.1115675630816489,0.0802044246753769,10_sp_aij_15,41300,0.1,10,1524,25,50,even
69,11.515151515151516,0.144397138305681,0.1266796417165811,0.0371479919092856,0.0842847277396321,0.0654801904680787,0.1243009838993398,0.0999475935731661,0.1344215414086369,0.1114247982710261,0.077181192645857,10_sp_aij_15,41300,0.1,10,1524,25,50,even
70,12.12121212121212,0.1792820278409151,0.1267935374892813,0.0383988720813342,0.0888824563083417,0.0674577012853832,0.1658004217741598,0.0976577160757051,0.1664835740355846,0.1207691356829673,0.1013548977177306,10_sp_aij_15,41300,0.1,10,1524,25,50,even
71,12.727272727272728,0.1573050465931532,0.1372016204018878,0.0263161722085397,0.1114020582308007,0.074152463468873,0.1589357432639636,0.0937317020210437,0.1633091032568014,0.1280353864326508,0.1024429373833089,10_sp_aij_15,41300,0.1,10,1524,25,50,even
72,13.333333333333334,0.1270421697247437,0.1428530216944804,0.030456028396348,0.0909725185746929,0.0725035021059267,0.1697748797426203,0.1006357498227332,0.1735046189794953,0.1277173552560203,0.0923992934235975,10_sp_aij_15,41300,0.1,10,1524,25,50,even
73,13.93939393939394,0.1108453751764106,0.1244954748886024,0.0276938422053225,0.0896729799347879,0.0763006086435215,0.1481424369682048,0.097990162707658,0.1365169780715499,0.1487890481290711,0.0875593932629064,10_sp_aij_15,41300,0.1,10,1524,25,50,even
74,14.545454545454549,0.1411821976609862,0.1241900231886166,0.0249780172391583,0.0806436771966188,0.0794857145486491,0.1837899436363337,0.0996383036554133,0.1408802554183583,0.1479238119034324,0.0862390865999017,10_sp_aij_15,41300,0.1,10,1524,25,50,even
75,15.151515151515152,0.1439589257864104,0.1558741712659345,0.0269705176287211,0.0934039385723715,0.1098650512859612,0.1989814525501853,0.1342151871593449,0.135833612289647,0.1879745352894822,0.0841188370004589,10_sp_aij_15,41300,0.1,10,1524,25,50,even
76,15.757575757575758,0.1206183118600409,0.130194212748949,0.0312511864029428,0.0811565357958895,0.11484457472942,0.2131909703427288,0.1468005143571654,0.1569940475972748,0.2239104769316318,0.078199734218381,10_sp_aij_15,41300,0.1,10,1524,25,50,even
77,16.363636363636363,0.1320834845936452,0.1279527714880508,0.0318593298613315,0.0796381884981306,0.1131721122039077,0.1738282064170225,0.1756509939131347,0.147391147265622,0.21089454572091,0.0949997602439227,10_sp_aij_15,41300,0.1,10,1524,25,50,even
78,16.96969696969697,0.1389663780812283,0.1279299650660985,0.028409357885475,0.0788058073379043,0.1217156559749512,0.1589012660405909,0.2056651113109131,0.1286839204532814,0.1951063497660618,0.0921737542396006,10_sp_aij_15,41300,0.1,10,1524,25,50,even
79,17.575757575757578,0.1198822890508261,0.1386843128541549,0.0241871902980131,0.0797219471577708,0.0991032719905902,0.1431732227366688,0.2687995176636799,0.1396468922958955,0.1765384081644668,0.0773068783597748,10_sp_aij_15,41300,0.1,10,1524,25,50,even
80,18.181818181818183,0.1070618815597472,0.1069482036951844,0.0257363030384581,0.0890143098812355,0.0895484424734631,0.1705500604477544,0.2335667061388062,0.1417402312666983,0.2330637514051243,0.0537424304743353,10_sp_aij_15,41300,0.1,10,1524,25,50,even
81,18.78787878787879,0.0962087020070311,0.1050802197268156,0.0286107304988029,0.0809793934819045,0.0825625840510517,0.1246444331739212,0.196194929144039,0.1341152281527913,0.2094945544328648,0.054512670584647,10_sp_aij_15,41300,0.1,10,1524,25,50,even
82,19.393939393939394,0.1261394624812889,0.1151274149121664,0.0241494906754859,0.0784806170855619,0.072762354926243,0.1319475206686495,0.1698476932446002,0.1482289312091395,0.2000969668404826,0.0492992454749084,10_sp_aij_15,41300,0.1,10,1524,25,50,even
83,20.0,0.1197374317176007,0.0987290682709825,0.0264843234951371,0.0890705617968588,0.0713763559853965,0.1256181875751521,0.201187013783539,0.1527218947886678,0.1887323072171988,0.0457135144404467,10_sp_aij_15,41300,0.1,10,1524,25,50,even
84,20.60606060606061,0.1454810935034514,0.1406870233033909,0.0242529120165088,0.0989811674805493,0.0952891034316363,0.1503695272288001,0.2128686241864359,0.1092970042491145,0.1981414374470348,0.0493994474321445,10_sp_aij_15,41300,0.1,10,1524,25,50,even
85,21.21212121212121,0.110973108821504,0.1151060875354476,0.0225653486334164,0.1174957255907006,0.0942131884404649,0.1378092723396706,0.1924676399090135,0.1046829203063637,0.1556007632955394,0.040890380465461,10_sp_aij_15,41300,0.1,10,1524,25,50,even
86,21.81818181818182,0.1098143615284265,0.1147315631375474,0.022504529208038,0.0785927628317544,0.1023940726360514,0.1355319987926703,0.1936182403131131,0.1055950080522402,0.1643018962633231,0.0412349165498386,10_sp_aij_15,41300,0.1,10,1524,25,50,even
87,22.424242424242426,0.1041518062640185,0.1300180876006135,0.0202986866812829,0.0845324139609924,0.1247433701599504,0.1544548626869135,0.1810032101065563,0.1022668650464012,0.1630360032063702,0.0503740264146778,10_sp_aij_15,41300,0.1,10,1524,25,50,even
88,23.03030303030303,0.1262179669033668,0.1396279156569335,0.0181068624596995,0.0914744598125522,0.1337023495800317,0.1488584725404604,0.1820662187952305,0.1001318820565152,0.1738349638062605,0.0611102324952342,10_sp_aij_15,41300,0.1,10,1524,25,50,even
89,23.63636363636364,0.1313346804892479,0.1289661123426994,0.0196198731213189,0.0865027489936874,0.1513575648391535,0.1423152715751048,0.1686460240409601,0.1151267689022076,0.2278924009446915,0.0611753772533604,10_sp_aij_15,41300,0.1,10,1524,25,50,even
90,24.24242424242424,0.1566771773464073,0.1315453204654391,0.0180819277851537,0.0678852224148242,0.1325422996183211,0.1195339934937752,0.2249163150220844,0.0999841462131244,0.1953603066633313,0.062358579483327,10_sp_aij_15,41300,0.1,10,1524,25,50,even
91,24.848484848484848,0.1213595355865701,0.1441918624222253,0.0181256848919507,0.0481243079756677,0.1633146789978102,0.1083508684554604,0.1836136621763388,0.0789310200057604,0.2071955812171576,0.0717518474222575,10_sp_aij_15,41300,0.1,10,1524,25,50,even
92,25.454545454545457,0.1327305700416476,0.1301125967526593,0.01811877678176,0.0509620677030137,0.1121578299579961,0.1232045221854488,0.1763544728118344,0.0700012094113427,0.1643141489259343,0.0809290834496177,10_sp_aij_15,41300,0.1,10,1524,25,50,even
93,26.060606060606062,0.1268048724265649,0.117185082536041,0.0190366919241583,0.047453886055213,0.1210152696504862,0.1271350412477966,0.2199777350451525,0.0795368731060655,0.1828897879193807,0.0563696541708002,10_sp_aij_15,41300,0.1,10,1524,25,50,even
94,26.666666666666668,0.1234517215119442,0.089134875269356,0.0170092583701899,0.0621887307235993,0.1270264631253958,0.1249260411819366,0.195053339277804,0.0592542152352434,0.1759245725028351,0.0651106647420607,10_sp_aij_15,41300,0.1,10,1524,25,50,even
95,27.272727272727277,0.1266786709196974,0.0742406590679368,0.0174585628705425,0.0730692561640942,0.1201776750725536,0.1197392281085529,0.1646550044252012,0.0628526689660849,0.1574629964082288,0.058193609654171,10_sp_aij_15,41300,0.1,10,1524,25,50,even
96,27.87878787878788,0.1235677391927822,0.0793181246042497,0.0198968205510742,0.074588478563092,0.1037178110453806,0.1152218897410137,0.1554328798018,0.0583539676905814,0.1661781213818104,0.0477047669198774,10_sp_aij_15,41300,0.1,10,1524,25,50,even
97,28.484848484848484,0.1122920933441953,0.0943881249244887,0.0180622339828737,0.0782809128963512,0.0963616109020397,0.1338838963200008,0.1707544138850681,0.0609892199322149,0.1400612588443358,0.0416796402479112,10_sp_aij_15,41300,0.1,10,1524,25,50,even
98,29.090909090909093,0.1138831400328381,0.0848700311520132,0.0210485689898824,0.0733470334232583,0.0989820054562402,0.1440111005678073,0.1465332212544304,0.0718909642453873,0.1343718363797126,0.0484927574092009,10_sp_aij_15,41300,0.1,10,1524,25,50,even
99,30.0,0.1446361597746404,0.0700283830635482,0.0214740730734339,0.0877897323210101,0.0925606683142044,0.1215151257937608,0.1619755554927998,0.1022132254559264,0.1195435067799656,0.0523385532923597,10_sp_aij_15,41300,0.1,10,1524,25,50,even
100,0.0,0.06,0.09,0.02,0.06,0.03,0.03,0.04,0.03,0.02,0.03,10_sp_aij_15,416304,0.1,10,1524,25,50,even
101,0.6060606060606061,0.0696658983839812,0.0802654412511696,0.0237069561974862,0.0540674459465012,0.0310536715662353,0.0318842602664761,0.0418443239323797,0.03228979327997,0.0224493850280803,0.0215898969237671,10_sp_aij_15,416304,0.1,10,1524,25,50,even
102,1.2121212121212122,0.0802893518216485,0.0893219666907448,0.0286239271749074,0.0829988156872203,0.0287119550733474,0.0450954890293618,0.0462257221263885,0.029793170587138,0.0272699102438516,0.0222818781565073,10_sp_aij_15,416304,0.1,10,1524,25,50,even
103,1.8181818181818183,0.1229465204377048,0.0860618270871406,0.0167917928560772,0.1040895280176305,0.0280312104893205,0.0531530128659223,0.0522738671362944,0.0411355737867481,0.0261739833252258,0.0290717746786353,10_sp_aij_15,416304,0.1,10,1524,25,50,even
104,2.4242424242424243,0.1312849791448089,0.0768151854192655,0.0143395067941759,0.1223483899486193,0.0406303430914968,0.0494310254202634,0.0620514400744867,0.0413680846760435,0.031679428495873,0.0348930170261913,10_sp_aij_15,416304,0.1,10,1524,25,50,even
105,3.0303030303030303,0.1600492352687113,0.0762520655795846,0.0171699522500536,0.1268156465361453,0.0453031900866652,0.0828833942442902,0.0692032227168644,0.0606278311219842,0.041362035804485,0.046032362202773,10_sp_aij_15,416304,0.1,10,1524,25,50,even
106,3.6363636363636367,0.135295297516881,0.0652361101961623,0.0148795358993055,0.1254035781342012,0.0467534702382167,0.0876863186688779,0.0770751288144216,0.08494183360184,0.0479672886412903,0.0381510052833693,10_sp_aij_15,416304,0.1,10,1524,25,50,even
107,4.242424242424242,0.1154112973962754,0.0722541835408951,0.0108284569192612,0.1241711059141987,0.0475094380613295,0.0971460162164829,0.0893672203900341,0.0924364641466854,0.0542937568673185,0.04912540659367,10_sp_aij_15,416304,0.1,10,1524,25,50,even
108,4.848484848484849,0.1513752688896361,0.0832128052467974,0.0092650594852111,0.1365545262437831,0.0437330069553193,0.1115822604108129,0.0863482470321376,0.1431007839000595,0.0660319369101978,0.058462963074207,10_sp_aij_15,416304,0.1,10,1524,25,50,even
109,5.454545454545455,0.1472517864060284,0.088613886936907,0.0101072549801279,0.16800558547759,0.0472962218203346,0.1310231117405368,0.1096257434922126,0.1684316411615655,0.0681876573877201,0.0616760479682288,10_sp_aij_15,416304,0.1,10,1524,25,50,even
110,6.0606060606060606,0.11528270122704,0.0997926919855073,0.008155440480346,0.1366114544423035,0.045539079802357,0.1257639503271083,0.0976047359001292,0.1597827797807586,0.0783031680082303,0.0609242793810254,10_sp_aij_15,416304,0.1,10,1524,25,50,even
111,6.666666666666667,0.1042675244474562,0.1153653809661718,0.0087381647384498,0.1490336477422154,0.0427280904467572,0.1555493415960576,0.1225033789423646,0.2116267933795378,0.1014865665284566,0.0583306171545388,10_sp_aij_15,416304,0.1,10,1524,25,50,even
112,7.272727272727273,0.1005580000977077,0.1009924015287705,0.0085542951723485,0.1408181390543748,0.0412903027479443,0.241342464744762,0.1078681803670756,0.182438861447351,0.1129734009992241,0.0467924722157387,10_sp_aij_15,416304,0.1,10,1524,25,50,even
113,7.878787878787879,0.0976766050149203,0.0937911237915362,0.0073199081838831,0.1638928436851753,0.0325701794807821,0.2455910570303915,0.1451750784299929,0.2669297240667109,0.1835859370210373,0.0546368949517534,10_sp_aij_15,416304,0.1,10,1524,25,50,even
114,8.484848484848484,0.0700038687270778,0.1292758047279359,0.0072832754308344,0.1371581538338498,0.036216756839218,0.2103032617857878,0.1793514177865314,0.2420301495679973,0.1940417207422464,0.0546478074217262,10_sp_aij_15,416304,0.1,10,1524,25,50,even
115,9.090909090909092,0.083687960924069,0.1381102551499808,0.0082885826201991,0.1392127427572889,0.0414095672547375,0.1859198607390778,0.188266891881641,0.1731236101462682,0.2383470886267064,0.0546627141693273,10_sp_aij_15,416304,0.1,10,1524,25,50,even
116,9.696969696969695,0.0931793888765594,0.1807918163902251,0.0082132594999098,0.1159429826556109,0.0438640172629341,0.1767655984825369,0.1685835329812892,0.1731993190223367,0.2156147060737656,0.0524841994762668,10_sp_aij_15,416304,0.1,10,1524,25,50,even
117,10.303030303030305,0.0959020230258414,0.1675938048574977,0.0068475289607952,0.1112502801887922,0.0454950214246903,0.1833019019098355,0.1718494343679873,0.1439655799126823,0.2065487465206688,0.0474725407138636,10_sp_aij_15,416304,0.1,10,1524,25,50,even
118,10.90909090909091,0.0960369121635255,0.1565618283075453,0.0057676072306606,0.1088492702456356,0.0461345046640908,0.1651181005873942,0.1241734833513566,0.1462727196556983,0.1603613803897086,0.0544203644515913,10_sp_aij_15,416304,0.1,10,1524,25,50,even
119,11.515151515151516,0.0913305104957041,0.1582894582405337,0.0046928464439549,0.1052506975868215,0.0591520904750559,0.1451524082911111,0.1329981059782964,0.1565118799836897,0.198262601418766,0.054033520580581,10_sp_aij_15,416304,0.1,10,1524,25,50,even
120,12.12121212121212,0.0948454247106616,0.1431202982555898,0.0054251485766309,0.0866093025918018,0.073318620034548,0.1501439678809219,0.1182241109948958,0.1099386005534253,0.2120958404865647,0.0552027411066343,10_sp_aij_15,416304,0.1,10,1524,25,50,even
121,12.727272727272728,0.0897086467008974,0.109292775923056,0.0060914025411374,0.0666313190971688,0.078434139841951,0.1211183066636003,0.1480789022380379,0.104256390379628,0.2396708415043159,0.0625813832500024,10_sp_aij_15,416304,0.1,10,1524,25,50,even
122,13.333333333333334,0.1120576974469561,0.0966388821345785,0.0065944273153397,0.0737505664054197,0.0934621999807545,0.1264545133636939,0.1433348468237953,0.104762002736071,0.209140940507267,0.0619814496868823,10_sp_aij_15,416304,0.1,10,1524,25,50,even
123,13.93939393939394,0.1024177895286142,0.0890592279867826,0.0083272226001431,0.0656786596384012,0.0886205008923823,0.112541546804429,0.1420014441144192,0.0919658328847572,0.2030392642184627,0.0706231649549413,10_sp_aij_15,416304,0.1,10,1524,25,50,even
124,14.545454545454549,0.0957826623545921,0.1150539555199174,0.0100159475745053,0.0782359468512545,0.0937053310230147,0.104297306511711,0.1916400830533875,0.0792683509262857,0.1720597891719711,0.0636125005890946,10_sp_aij_15,416304,0.1,10,1524,25,50,even
125,15.151515151515152,0.0860781526489557,0.097378188809796,0.0091079595914715,0.0669813082190368,0.0948779242909982,0.1017655819204775,0.1259002548310207,0.0737224412265058,0.1978091509513167,0.0582059670199053,10_sp_aij_15,416304,0.1,10,1524,25,50,even
126,15.757575757575758,0.0944836666604351,0.1046393627044706,0.0108896788855203,0.0678910322791365,0.0843067564764667,0.1067366143546208,0.1036740669809465,0.0730102518226637,0.1866940473294065,0.0706531118440392,10_sp_aij_15,416304,0.1,10,1524,25,50,even
127,16.363636363636363,0.1215241676718456,0.084231500787573,0.0097624493017838,0.052672099106723,0.1129336960714483,0.0966084742308058,0.0949428444728524,0.0717547188576861,0.1917665478392189,0.0668085303729276,10_sp_aij_15,416304,0.1,10,1524,25,50,even
128,16.96969696969697,0.1034737978246573,0.065596800519772,0.0119974473795767,0.0563177471431987,0.1153934312332443,0.0935286973608302,0.0908133254524559,0.0966564169789195,0.1815126975538565,0.0795075422639298,10_sp_aij_15,416304,0.1,10,1524,25,50,even
129,17.575757575757578,0.1223376978045325,0.0682618473465655,0.0125178892150682,0.0564425501813482,0.1073599996096856,0.0897759519828519,0.0978254040906168,0.0948883741985056,0.177307232543177,0.0772138285832211,10_sp_aij_15,416304,0.1,10,1524,25,50,even
130,18.181818181818183,0.1329039855459333,0.0739077946858295,0.0115906261839737,0.0547174597745791,0.0985399250702654,0.0969919290362326,0.1240652734878115,0.1076037572682659,0.1595743643893631,0.0717885611962901,10_sp_aij_15,416304,0.1,10,1524,25,50,even
131,18.78787878787879,0.1595856868644921,0.0698776627309474,0.0112331657338318,0.0530299579000173,0.1071984971223646,0.0988064591444661,0.1543039734240489,0.0921705583460075,0.1618853030099765,0.0466960548429248,10_sp_aij_15,416304,0.1,10,1524,25,50,even
132,19.393939393939394,0.1585628462320963,0.0773125189877732,0.0120539609928589,0.052833246723389,0.1545654855832967,0.082036776638242,0.117165479200092,0.0873683592951215,0.1598259725700636,0.0417152524166175,10_sp_aij_15,416304,0.1,10,1524,25,50,even
133,20.0,0.1760373486596998,0.0892439573029255,0.0112876263675528,0.062255485083998,0.1134697940629162,0.0700152563296362,0.0966716062459616,0.1030616357146304,0.1420612747841344,0.043911496107228,10_sp_aij_15,416304,0.1,10,1524,25,50,even
134,20.60606060606061,0.1219214528923429,0.1083955103513837,0.0095415574659538,0.0680245382339452,0.1291480849277286,0.076709237564873,0.0957732131323836,0.1038157715157555,0.1450058849895477,0.0454851583210994,10_sp_aij_15,416304,0.1,10,1524,25,50,even
135,21.21212121212121,0.1038300979994767,0.0892087189592189,0.0104626227156985,0.0520207155478959,0.1367550935657669,0.0842124702811635,0.0808400046629259,0.1020233872471361,0.1698444235877243,0.0353385153506159,10_sp_aij_15,416304,0.1,10,1524,25,50,even
136,21.81818181818182,0.0996539011007834,0.0906341253596113,0.0124555369075522,0.0454778683755833,0.1201602865540053,0.103241501489976,0.0953552185555683,0.0914132695626514,0.1969107162704172,0.0429231222647872,10_sp_aij_15,416304,0.1,10,1524,25,50,even
137,22.424242424242426,0.1176056596110375,0.0968839790485717,0.0119653664489749,0.0435286003291487,0.1165014688125077,0.1023321991337599,0.1273062237945287,0.1018376674366404,0.1862256266466742,0.039191397898045,10_sp_aij_15,416304,0.1,10,1524,25,50,even
138,23.03030303030303,0.1302985512717601,0.0958285841578273,0.0140848958907064,0.0481749441964908,0.1126166390556011,0.1247071553255506,0.1448854481899202,0.085925350431589,0.1741754402598825,0.0401598660587413,10_sp_aij_15,416304,0.1,10,1524,25,50,even
139,23.63636363636364,0.1453834525639058,0.0891093512061054,0.0184263196021683,0.0689661199497406,0.1370711608255516,0.1048039044392361,0.1112638344428071,0.0788629447330997,0.1508688619860239,0.0370180746848619,10_sp_aij_15,416304,0.1,10,1524,25,50,even
140,24.24242424242424,0.1625581055022367,0.0918399821897235,0.0207662229453457,0.0779645302064297,0.1012297030931827,0.0970441436358207,0.14680888316315,0.0896361984621706,0.161900677156343,0.0339136188107603,10_sp_aij_15,416304,0.1,10,1524,25,50,even
141,24.848484848484848,0.1820923048142507,0.0871077413084426,0.0214434742568161,0.0714733982712466,0.1015115987684063,0.1038864257174723,0.1850469982135704,0.0883804981493664,0.1709812774219509,0.036575219608707,10_sp_aij_15,416304,0.1,10,1524,25,50,even
142,25.454545454545457,0.1418078510184728,0.0889085938559832,0.0209289299041007,0.0956434302492118,0.1168663207713905,0.1088521462533825,0.2077625047252461,0.0914461702207476,0.1724185859825631,0.0373711833407304,10_sp_aij_15,416304,0.1,10,1524,25,50,even
143,26.060606060606062,0.1613480587647513,0.0864577465045994,0.017968553353083,0.1127834693909776,0.1104720758079076,0.1073658545161507,0.2096070655247831,0.0784903435706585,0.1714041350606032,0.0404505316356177,10_sp_aij_15,416304,0.1,10,1524,25,50,even
144,26.666666666666668,0.1763680676601201,0.0825967946769455,0.0176853480194005,0.1045143519576472,0.0910428611529672,0.1094770314967835,0.1971818666889436,0.073637693288012,0.1674840754769289,0.0494320982871234,10_sp_aij_15,416304,0.1,10,1524,25,50,even
145,27.272727272727277,0.1374889449132561,0.0797153184164034,0.019951338501523,0.120125286633643,0.0908614005675245,0.118736415766568,0.202443369622672,0.0947560423448423,0.135696403595202,0.0493601663996141,10_sp_aij_15,416304,0.1,10,1524,25,50,even
146,27.87878787878788,0.1232377195338581,0.0949305379608968,0.0229020980521821,0.1320919963487729,0.085702085130815,0.1688613458777324,0.1945948727396941,0.1073303368953181,0.1711865390787988,0.0403119469880388,10_sp_aij_15,416304,0.1,10,1524,25,50,even
147,28.484848484848484,0.130237703652385,0.0999336920413825,0.025137877829871,0.1258616592048176,0.0758835296650141,0.1601617498766109,0.1767075464590418,0.085637998531073,0.2037405474757372,0.042147887153963,10_sp_aij_15,416304,0.1,10,1524,25,50,even
148,29.090909090909093,0.1488743855135144,0.1231609923373722,0.0262657115836944,0.1269193299994194,0.0872769273250052,0.1700338921080762,0.1811207766228238,0.1058940902942554,0.2001954928269467,0.0387413001838206,10_sp_aij_15,416304,0.1,10,1524,25,50,even
149,30.0,0.1239560148302423,0.1358922041480144,0.0323741258292296,0.1096008840867564,0.101552540286986,0.1205476081051037,0.1341454960416835,0.1177058354739687,0.2074478287786743,0.0501201846470542,10_sp_aij_15,416304,0.1,10,1524,25,50,even
150,0.0,0.08,0.01,0.03,0.07,0.01,0.07,0.06,0.09,0.07,0.03,10_sp_aij_15,591973,0.1,10,1524,25,50,even
151,0.6060606060606061,0.0784716139296541,0.0132737259521124,0.0264600344961675,0.0770111321667451,0.0122097131531609,0.0779553443849731,0.0566032766106336,0.0936034997646471,0.0786883937760997,0.0311229925566356,10_sp_aij_15,591973,0.1,10,1524,25,50,even
152,1.2121212121212122,0.1051795091246633,0.0128660869417523,0.031716138163319,0.0925708360459603,0.0125177698806292,0.0820250538024301,0.0427226525169986,0.111191985863025,0.0696070482542222,0.039911151401197,10_sp_aij_15,591973,0.1,10,1524,25,50,even
153,1.8181818181818183,0.1001113885346829,0.0170786764069608,0.0261366996064032,0.0996184392060946,0.0161952974561931,0.0953998079289336,0.0431371775214161,0.134656322939043,0.0757154769780556,0.0404280658761475,10_sp_aij_15,591973,0.1,10,1524,25,50,even
154,2.4242424242424243,0.1173390487499502,0.0202548088861224,0.0246175294470865,0.1222279963226566,0.0123414353489924,0.1009055855776603,0.0522832671979494,0.1393881493994175,0.0935405469714046,0.0390861470493739,10_sp_aij_15,591973,0.1,10,1524,25,50,even
155,3.0303030303030303,0.1109383604006253,0.0236891721258756,0.0274424264018732,0.127975278054973,0.0138574775263802,0.1152662335448724,0.0636692274878899,0.1831875063339615,0.1035591217415483,0.0372819019283497,10_sp_aij_15,591973,0.1,10,1524,25,50,even
156,3.6363636363636367,0.1241356980149103,0.0315436228777418,0.0276645644584138,0.1148383572788715,0.0127316737897498,0.1014072197943242,0.0662577178825735,0.1911106999416791,0.1074316930507596,0.038315541203741,10_sp_aij_15,591973,0.1,10,1524,25,50,even
157,4.242424242424242,0.1322015195584891,0.0450451414919212,0.0282013284561349,0.1238459645426139,0.0132086385996722,0.1291986999672192,0.0614835491257377,0.1876099548802511,0.1034182004617464,0.0314374023321461,10_sp_aij_15,591973,0.1,10,1524,25,50,even
158,4.848484848484849,0.156617487124059,0.0566280230193508,0.033532244124714,0.1511998561722031,0.0167793418979357,0.1235656067730333,0.0589012873406604,0.2109276221256067,0.0899268458061831,0.0348912696672236,10_sp_aij_15,591973,0.1,10,1524,25,50,even
159,5.454545454545455,0.1391933648795808,0.0554640636785317,0.0337264977431095,0.134873626211642,0.0169661088356512,0.12179829358915,0.0613654441753572,0.2449014114410146,0.1108688341842918,0.04792697531913,10_sp_aij_15,591973,0.1,10,1524,25,50,even
160,6.0606060606060606,0.1174650614882977,0.0816333316620606,0.0310245481204964,0.1634695574343347,0.0158612541499529,0.1474197904164635,0.0754133187915917,0.2249687282192211,0.0904544615813957,0.0400582395839919,10_sp_aij_15,591973,0.1,10,1524,25,50,even
161,6.666666666666667,0.1313063611276632,0.0965399991888067,0.0344069198728931,0.1557108983467517,0.017633750999943,0.1532371217890683,0.0903199649486865,0.215835844141153,0.1072891042692376,0.039049204713206,10_sp_aij_15,591973,0.1,10,1524,25,50,even
162,7.272727272727273,0.128616630269597,0.1116264999790517,0.0316720890062732,0.1601615328775747,0.0204446941257848,0.1623710116591831,0.1101923502623467,0.2113508926957501,0.1250937234220198,0.0331962130943919,10_sp_aij_15,591973,0.1,10,1524,25,50,even
163,7.878787878787879,0.1183172823856759,0.1452741542629525,0.0364351877184753,0.1665887837794794,0.019624648150645,0.1886786416625293,0.1347526272504634,0.2120580027977019,0.1413077320115582,0.0381299307401153,10_sp_aij_15,591973,0.1,10,1524,25,50,even
164,8.484848484848484,0.10724360241427,0.2063032072089577,0.0325572930911202,0.1966066857672578,0.028079108075444,0.2150278114473592,0.1567201668904811,0.1972245387074446,0.1356319902854731,0.0502129183961393,10_sp_aij_15,591973,0.1,10,1524,25,50,even
165,9.090909090909092,0.1006196409329718,0.1726416970668222,0.0257312728128788,0.2062562966842446,0.031906318248882,0.300656600101127,0.1658308115457888,0.198990832280496,0.1229260585099078,0.0615470381652069,10_sp_aij_15,591973,0.1,10,1524,25,50,even
166,9.696969696969695,0.093503822657548,0.2096367148697639,0.0258447395355463,0.2100424472169578,0.0426478225625084,0.3146914037685775,0.1944313131580623,0.1945515065022677,0.1592202742223891,0.0692818108792853,10_sp_aij_15,591973,0.1,10,1524,25,50,even
167,10.303030303030305,0.0990438407528696,0.2462555614278235,0.0272369251454018,0.1688458142658576,0.0442202175699088,0.2835978164074015,0.1994646706480682,0.1752207808536386,0.1652020304874168,0.067651675158133,10_sp_aij_15,591973,0.1,10,1524,25,50,even
168,10.90909090909091,0.1229247593315738,0.2332794017508741,0.0222674367520116,0.1854897077889276,0.037520870512754,0.3022960910704358,0.1850596212094737,0.1922315825741695,0.2271246884337092,0.0621130005245136,10_sp_aij_15,591973,0.1,10,1524,25,50,even
169,11.515151515151516,0.1246312870401919,0.2360572245523085,0.0175297307388809,0.1943839087189708,0.0397710262478824,0.2625267040530729,0.1635113335071983,0.1909441529416484,0.2735205874653598,0.0669087816468836,10_sp_aij_15,591973,0.1,10,1524,25,50,even
170,12.12121212121212,0.1164349512615418,0.2328039014020892,0.018238455349965,0.1962321614215272,0.0473561524721483,0.2381819956079401,0.1919922634053787,0.1872842303582867,0.2835871420165998,0.0813712956818827,10_sp_aij_15,591973,0.1,10,1524,25,50,even
171,12.727272727272728,0.1147701719850311,0.2231262571336494,0.0249199835896936,0.1759487859105363,0.0594560638075082,0.212336357658806,0.2137875681255334,0.1421045092981513,0.259834467473312,0.0772181867533741,10_sp_aij_15,591973,0.1,10,1524,25,50,even
172,13.333333333333334,0.0944807372808387,0.1892970254148664,0.0221699379052035,0.1752031855713114,0.0653162949304756,0.1970749264891233,0.1874167151368659,0.1268804597041157,0.2195347183607404,0.0763912019125341,10_sp_aij_15,591973,0.1,10,1524,25,50,even
173,13.93939393939394,0.0732374294145168,0.1541795554152377,0.0189000587809236,0.1584638297508241,0.1071100731957646,0.1811069670312368,0.2260864675017919,0.1391462302916641,0.2169252368872814,0.0880439392713413,10_sp_aij_15,591973,0.1,10,1524,25,50,even
174,14.545454545454549,0.0611860513537552,0.1427349690854156,0.0222064207417064,0.1395054893270281,0.1019200712702673,0.1812543977413724,0.2123757230785254,0.1230484080233276,0.2175824248028252,0.0978837366765571,10_sp_aij_15,591973,0.1,10,1524,25,50,even
175,15.151515151515152,0.0531221310564078,0.1139620270450908,0.0260629915684256,0.1392304827024334,0.1060679926304059,0.1809095164995063,0.2309225695988938,0.1487872357681536,0.2235387957526291,0.0869599215865082,10_sp_aij_15,591973,0.1,10,1524,25,50,even
176,15.757575757575758,0.0539280466384433,0.1038686904633269,0.0284462258060053,0.133043368002334,0.1119291818735589,0.1914005416254959,0.2363551901908655,0.099372081104387,0.2099711351691286,0.0903534394065002,10_sp_aij_15,591973,0.1,10,1524,25,50,even
177,16.363636363636363,0.0756901991034272,0.092163575788684,0.0398039550972165,0.1116351250205042,0.1119230788767499,0.1534770987868906,0.2308209906231345,0.0973833216300038,0.1859471617360825,0.0812213478199654,10_sp_aij_15,591973,0.1,10,1524,25,50,even
178,16.96969696969697,0.0701143871241481,0.1283292597788781,0.0442048710477343,0.1149857275194333,0.1002658813354659,0.1747647811511692,0.1890724992366559,0.1164768778775792,0.1745038299435228,0.0730035155054061,10_sp_aij_15,591973,0.1,10,1524,25,50,even
179,17.575757575757578,0.0941956568389026,0.1059390877539489,0.0375363111141211,0.1044101889097998,0.0787763707478474,0.1645097822332663,0.1399113657168751,0.132741206709518,0.1729774368966061,0.0711493733934045,10_sp_aij_15,591973,0.1,10,1524,25,50,even
180,18.181818181818183,0.102530130060734,0.1093262539216515,0.0267815905378369,0.1384756373654112,0.0841849481219191,0.1890086751878339,0.1349106694361553,0.1442728424882976,0.1966516419542744,0.0684930390013832,10_sp_aij_15,591973,0.1,10,1524,25,50,even
181,18.78787878787879,0.0917247577778354,0.1364587409288437,0.0271867222387933,0.1321118355997536,0.0928913311010873,0.1609754313893731,0.1480207857579647,0.129627456611712,0.240239565109735,0.0544495211039096,10_sp_aij_15,591973,0.1,10,1524,25,50,even
182,19.393939393939394,0.0849659555151426,0.1293457146841638,0.0274279450066033,0.1226058410686935,0.1054704212203622,0.1835736857766318,0.2002699536046365,0.1354176762604317,0.2017701525843181,0.050291550912296,10_sp_aij_15,591973,0.1,10,1524,25,50,even
183,20.0,0.0865692533600281,0.1223927939426216,0.0231273380139559,0.1396452450517665,0.1074729363227383,0.1898838854163792,0.1924304954800214,0.1310426841695264,0.2010133573382891,0.0623866917817719,10_sp_aij_15,591973,0.1,10,1524,25,50,even
184,20.60606060606061,0.0854812882987029,0.1608637803650025,0.0230670237378827,0.1108816811772186,0.0915421181490102,0.1870851202351667,0.2400404216248408,0.1264360373314407,0.2018947764148626,0.0561565774028324,10_sp_aij_15,591973,0.1,10,1524,25,50,even
185,21.21212121212121,0.1003437869406718,0.1611810943100853,0.0228655500782518,0.1419702541008503,0.1131903405519891,0.1809844596179462,0.2327587594395456,0.1163757422204831,0.2370500584100529,0.0561991071013084,10_sp_aij_15,591973,0.1,10,1524,25,50,even
186,21.81818181818182,0.1155546392989417,0.1625407308994065,0.0157889221785427,0.1468897716509785,0.1305805475371968,0.243751736014799,0.294919446005053,0.1036636358934634,0.2328995208483382,0.058794821647984,10_sp_aij_15,591973,0.1,10,1524,25,50,even
187,22.424242424242426,0.1304652518810577,0.1757472954331344,0.0193512443031202,0.1247141251299635,0.1247799061235688,0.170443362374827,0.2520434861421395,0.0998692430020118,0.2405399550910361,0.0681676465959505,10_sp_aij_15,591973,0.1,10,1524,25,50,even
188,23.03030303030303,0.1404078921724045,0.1522499928483603,0.0218607149401016,0.1072048361848685,0.1298752254415847,0.1642338995429716,0.1950276355703895,0.1018010515565021,0.2553547102502657,0.0552662810834355,10_sp_aij_15,591973,0.1,10,1524,25,50,even
189,23.63636363636364,0.090400880228035,0.1042003028212212,0.0262873759344613,0.0909383732256172,0.0982321870691947,0.1556065072915948,0.1843469025540521,0.1015711205027365,0.2093145427382456,0.0663907252516561,10_sp_aij_15,591973,0.1,10,1524,25,50,even
190,24.24242424242424,0.0809638657291287,0.114255762074596,0.0292267281402481,0.1017659301095465,0.0858974671028809,0.1569642942800214,0.1587813732007365,0.0923856208912045,0.2073218212881173,0.0531763320668564,10_sp_aij_15,591973,0.1,10,1524,25,50,even
191,24.848484848484848,0.0970247145500665,0.1263071780791091,0.0360602801375937,0.0740513584564565,0.0912366057008254,0.138763590936462,0.1495507642445087,0.0750833964992309,0.2309662971679648,0.0571404304231966,10_sp_aij_15,591973,0.1,10,1524,25,50,even
192,25.454545454545457,0.1169871630980382,0.1428027113823384,0.0326432039794284,0.0834478757273231,0.0859037110546453,0.1323867578066813,0.1417681809080062,0.0858951239879432,0.2076827019987254,0.0700290080266323,10_sp_aij_15,591973,0.1,10,1524,25,50,even
193,26.060606060606062,0.1321083952684105,0.1361103661036775,0.0256664959173282,0.0852788131685633,0.081770900655351,0.1119251628514787,0.1775822799727015,0.1101743515960225,0.2250573470432112,0.0808716227509599,10_sp_aij_15,591973,0.1,10,1524,25,50,even
194,26.666666666666668,0.1596835636600398,0.1271140217579479,0.032872144372583,0.0851885716458213,0.0866563081835231,0.1290433886641477,0.1509241367224201,0.1174496088623291,0.1691871966489047,0.0751156562715551,10_sp_aij_15,591973,0.1,10,1524,25,50,even
195,27.272727272727277,0.1983750281715463,0.1499372884930221,0.0296560926686131,0.0832111091314342,0.0747981924528461,0.1381641986672443,0.1758475547151933,0.1112027395538874,0.1421683159091023,0.0675830998862035,10_sp_aij_15,591973,0.1,10,1524,25,50,even
196,27.87878787878788,0.1787466627021704,0.1720537068733695,0.0255585225904176,0.0688315889301264,0.0732671590200345,0.1325820388739964,0.2088264606621074,0.1242141167425718,0.1530898799509107,0.0769713599277704,10_sp_aij_15,591973,0.1,10,1524,25,50,even
197,28.484848484848484,0.1363500925687025,0.187743284158028,0.0208716137521213,0.0731820913056998,0.0784476879665691,0.1195380467308243,0.1722831470479867,0.1169546579577468,0.1347255763776465,0.0678650379633162,10_sp_aij_15,591973,0.1,10,1524,25,50,even
198,29.090909090909093,0.1274463239997757,0.1720709028496137,0.0221722444171702,0.078900224398486,0.0937828867697249,0.1222234255452342,0.1531887915400197,0.121027361040126,0.1544427500744704,0.0744783149134579,10_sp_aij_15,591973,0.1,10,1524,25,50,even
199,30.0,0.1257960595313287,0.1069625912788253,0.0218014749078128,0.1133136934786193,0.100096308629337,0.1185297963192072,0.1684848048889252,0.1024794576338321,0.1885654202752021,0.0827678196740918,10_sp_aij_15,591973,0.1,10,1524,25,50,even
200,0.0,0.09,0.08,0.05,0.07,0.05,0.09,0.03,0.07,0.04,0.08,10_sp_aij_15,2091765,0.1,10,1524,25,50,even
201,0.6060606060606061,0.1150924833141528,0.0794760394409002,0.0448460174024347,0.057025600761309,0.0523314743326716,0.0838933648837785,0.0387213140743187,0.0946765680125608,0.0452260759119885,0.0907165826728225,10_sp_aij_15,2091765,0.1,10,1524,25,50,even
202,1.2121212121212122,0.1173651992121916,0.0782517581089572,0.0505035128696283,0.0806231928272295,0.0459430015482354,0.0663515933708613,0.0372991677342307,0.0977217827008171,0.0456462560932115,0.0869791836040457,10_sp_aij_15,2091765,0.1,10,1524,25,50,even
203,1.8181818181818183,0.1220864449733358,0.0884532755089448,0.0652047557419108,0.088269207499519,0.0508627594871557,0.0687407093988962,0.0322714786475616,0.1288784788318466,0.0529548479043619,0.0902708247445815,10_sp_aij_15,2091765,0.1,10,1524,25,50,even
204,2.4242424242424243,0.146195605239493,0.0908097659352295,0.0506748245983003,0.0846568244356979,0.0616824794103212,0.0668544164961026,0.0418124160459941,0.1404998834445139,0.081236038761015,0.0915093046796436,10_sp_aij_15,2091765,0.1,10,1524,25,50,even
205,3.0303030303030303,0.1139026627435584,0.0793218268853619,0.0469312775446847,0.0769126719443561,0.0628492214253803,0.0715555105131064,0.0449377781625729,0.1644785625575426,0.0914554501116054,0.0981440609765497,10_sp_aij_15,2091765,0.1,10,1524,25,50,even
206,3.6363636363636367,0.122853323701087,0.0686449014150659,0.0450355839739326,0.0846617485357887,0.0608818078930548,0.0857434538307983,0.0541437017558584,0.1925561267178281,0.1091170156836894,0.0669694645217097,10_sp_aij_15,2091765,0.1,10,1524,25,50,even
207,4.242424242424242,0.1143465321093847,0.0692668657860253,0.0359068456749024,0.0851574163958724,0.0634929096044983,0.0971724920953086,0.0551799040630497,0.1857315358914397,0.1226867607890434,0.0626802151104253,10_sp_aij_15,2091765,0.1,10,1524,25,50,even
208,4.848484848484849,0.103936472138471,0.0855859746030831,0.032659130455583,0.0966958655144963,0.0584467386365465,0.0907265788481216,0.0543621768913912,0.1772486309074382,0.1433970334247268,0.0724805865704412,10_sp_aij_15,2091765,0.1,10,1524,25,50,even
209,5.454545454545455,0.1050319318362546,0.094527208730273,0.0343347207371614,0.1170010411603807,0.0864769882124214,0.1151554430036189,0.0590100758799281,0.2039339099506568,0.1544861693311602,0.0746184557827486,10_sp_aij_15,2091765,0.1,10,1524,25,50,even
210,6.0606060606060606,0.0908145301091387,0.1083099739820655,0.0380427175438158,0.1342814659116942,0.1128283190945527,0.1359891609741705,0.0723704013474716,0.265562024246409,0.1611553384055991,0.0758927342282976,10_sp_aij_15,2091765,0.1,10,1524,25,50,even
211,6.666666666666667,0.0884552568259603,0.1471374866799332,0.0459331456302958,0.1166059662326229,0.1103777372150844,0.1231444047337078,0.0817845530140605,0.2651506656097426,0.1547970655225947,0.0598798385457672,10_sp_aij_15,2091765,0.1,10,1524,25,50,even
212,7.272727272727273,0.1069500036351907,0.1624444905878517,0.0488542768365622,0.1187571668126629,0.0847897308827756,0.1382281796645336,0.0821222529623571,0.2239810841643654,0.162778309383345,0.0623811174336654,10_sp_aij_15,2091765,0.1,10,1524,25,50,even
213,7.878787878787879,0.1219532905383681,0.1632024427253067,0.0533958631616981,0.111024851887256,0.106974166259453,0.138748196339274,0.0932958666448499,0.1742681910360415,0.2327209404133226,0.0581663892714686,10_sp_aij_15,2091765,0.1,10,1524,25,50,even
214,8.484848484848484,0.1009180231480653,0.1277884658844987,0.0517656934148828,0.1002202071029585,0.089237156709615,0.1157931488035654,0.1039669580666417,0.1832624136015555,0.2345977120880543,0.0539370407176725,10_sp_aij_15,2091765,0.1,10,1524,25,50,even
215,9.090909090909092,0.1041662948770505,0.12484249086508,0.0478368737901137,0.1041155748227472,0.0975956132215592,0.1197088712323021,0.1090904651514597,0.1809710553994696,0.2299516995389068,0.0627959403725799,10_sp_aij_15,2091765,0.1,10,1524,25,50,even
216,9.696969696969695,0.1004265371757411,0.1282045297801724,0.051268096493462,0.074023410492943,0.1058213046693638,0.1365397650836472,0.1278704934868216,0.1778703597111663,0.2587453510168246,0.0503995501647122,10_sp_aij_15,2091765,0.1,10,1524,25,50,even
217,10.303030303030305,0.0676535575853396,0.1442477806488003,0.0529132620967017,0.0708753679824525,0.1157291825854473,0.1288509345650409,0.1241726386530706,0.1556411123870484,0.211762289402897,0.051411757654835,10_sp_aij_15,2091765,0.1,10,1524,25,50,even
218,10.90909090909091,0.0737394579154355,0.1165972070617641,0.0503542303046229,0.0661110584990277,0.0846920207090673,0.1246073850093722,0.1441072363716222,0.1336741117056967,0.1857242179022342,0.0558488470420607,10_sp_aij_15,2091765,0.1,10,1524,25,50,even
219,11.515151515151516,0.0731983115859961,0.1292295731160053,0.0502682830676368,0.0681964441321886,0.0704907905776575,0.1628930254338108,0.1543641499782623,0.1055200229843954,0.1615922443988106,0.0496536609053892,10_sp_aij_15,2091765,0.1,10,1524,25,50,even
220,12.12121212121212,0.0872756574860579,0.1105728585725126,0.0549749709164966,0.071510109375009,0.074709727099888,0.1609970108011978,0.1935668832454982,0.0852932340714027,0.1410934344236158,0.0491719800344263,10_sp_aij_15,2091765,0.1,10,1524,25,50,even
221,12.727272727272728,0.1092567887311848,0.0958571534697859,0.0457212756240033,0.0742880965632959,0.0765922531251252,0.185021906817211,0.213950299487904,0.1083661545180062,0.1407613366779868,0.0485669669427765,10_sp_aij_15,2091765,0.1,10,1524,25,50,even
222,13.333333333333334,0.1024979925907544,0.0880297132515581,0.0410755051854825,0.0830003345065518,0.0717058328512391,0.1584947281671021,0.2707550018572222,0.1108144320490356,0.1889249765071535,0.0495384707724351,10_sp_aij_15,2091765,0.1,10,1524,25,50,even
223,13.93939393939394,0.0797652177801958,0.0767508218249353,0.0288419740384741,0.0937582335608828,0.0751006836014505,0.1629358299313975,0.253144414044304,0.1000626065220823,0.174205449149589,0.0508941031805531,10_sp_aij_15,2091765,0.1,10,1524,25,50,even
224,14.545454545454549,0.085629746194419,0.0750653530445001,0.0311275023374535,0.113088920630516,0.0693901740849132,0.162226807173908,0.1981450158544588,0.0867194937798766,0.1844953666109841,0.0479852384191954,10_sp_aij_15,2091765,0.1,10,1524,25,50,even
225,15.151515151515152,0.0685357640076919,0.0944027466813987,0.0320241794092421,0.0927166364365975,0.0653258823000149,0.1710261619968995,0.2367927115114029,0.0806850987734848,0.1753285223033447,0.0409880709861044,10_sp_aij_15,2091765,0.1,10,1524,25,50,even
226,15.757575757575758,0.099110583094786,0.0933895076301698,0.039154199821634,0.0846056688652836,0.0671317450901232,0.1727363568363689,0.2346477953831097,0.0927560390840231,0.1687321469587112,0.0433885044838869,10_sp_aij_15,2091765,0.1,10,1524,25,50,even
227,16.363636363636363,0.1034066335671419,0.111194405597902,0.0361931760399843,0.1013255498755918,0.0618620449127269,0.1873644685796026,0.2464694804031837,0.0906011020014241,0.136402712296776,0.0614899695841325,10_sp_aij_15,2091765,0.1,10,1524,25,50,even
228,16.96969696969697,0.1156314663578386,0.1161401832327705,0.0352268747771075,0.1061867695123005,0.0553431201219601,0.2206163903263689,0.2561073263309756,0.0858593841450699,0.181415228766632,0.0566564297261717,10_sp_aij_15,2091765,0.1,10,1524,25,50,even
229,17.575757575757578,0.0969465515888783,0.1044694660217327,0.0330923408750264,0.0928160605471142,0.0375529596453609,0.2021253706185967,0.2562543900812548,0.1004418895797025,0.1678983719406345,0.049162230759762,10_sp_aij_15,2091765,0.1,10,1524,25,50,even
230,18.181818181818183,0.0943503311734196,0.1011159370722655,0.0351030712006839,0.0906541008882537,0.034807486154693,0.1823648545705085,0.1876896580416772,0.118498386027574,0.1749749385607986,0.0467739437352586,10_sp_aij_15,2091765,0.1,10,1524,25,50,even
231,18.78787878787879,0.0898229085691034,0.0823803635578929,0.0244155235292847,0.0940870738783225,0.0347689159888991,0.1782928430752345,0.2169253224450358,0.1196587055682383,0.1786170072971432,0.0431183652572687,10_sp_aij_15,2091765,0.1,10,1524,25,50,even
232,19.393939393939394,0.1148978456674251,0.0808373448786259,0.022783313168115,0.0848150531255808,0.0410490454998725,0.1793702698600322,0.2043943755476248,0.1089059679902734,0.1787587546513377,0.0475917857862009,10_sp_aij_15,2091765,0.1,10,1524,25,50,even
233,20.0,0.1001269060680992,0.0971085025648356,0.0266259418186459,0.1170154984999623,0.0398895247001596,0.1554784260675454,0.2086616819362645,0.1094780651524861,0.1970817694157191,0.0489453246336545,10_sp_aij_15,2091765,0.1,10,1524,25,50,even
234,20.60606060606061,0.1263817568740564,0.091187414388717,0.0245912340112236,0.1005135598697541,0.037139908328417,0.1579816875189602,0.1942077299805887,0.110101803900553,0.1533687557104522,0.0567823365485976,10_sp_aij_15,2091765,0.1,10,1524,25,50,even
235,21.21212121212121,0.1303716313214533,0.0867681336232795,0.0226854560583697,0.0845355334403727,0.0422241883760472,0.1695641886759085,0.2220180307646064,0.0786511799925838,0.1685983159347703,0.0515615567905072,10_sp_aij_15,2091765,0.1,10,1524,25,50,even
236,21.81818181818182,0.1546569572168435,0.0816721108848799,0.0270315623475182,0.0952606875058488,0.0370791410377873,0.1349482601066208,0.219455431884976,0.0789362357326729,0.2101700430862276,0.0445446574699967,10_sp_aij_15,2091765,0.1,10,1524,25,50,even
237,22.424242424242426,0.1436516644203374,0.1050403284157752,0.0324106680683438,0.0696078187655399,0.0415918370168691,0.1168038214799248,0.2113796749146411,0.0857079294627698,0.1926892183364658,0.0466080644413425,10_sp_aij_15,2091765,0.1,10,1524,25,50,even
238,23.03030303030303,0.1677660420309871,0.1054357150142236,0.0302681690211976,0.0796651533649706,0.043102061489516,0.1208934974797971,0.2372497925379752,0.0983737022853343,0.158518419159311,0.0542469388660534,10_sp_aij_15,2091765,0.1,10,1524,25,50,even
239,23.63636363636364,0.2145789766070087,0.0989092412102432,0.0296042844446182,0.083286457164083,0.0457469870630068,0.0993674175902391,0.1945830443149127,0.1020550799840638,0.1529278528738481,0.0704897671990017,10_sp_aij_15,2091765,0.1,10,1524,25,50,even
240,24.24242424242424,0.14792050221863,0.1257410007128648,0.0243670738063103,0.0951207278342253,0.0539072278445035,0.0943854732506647,0.1725483697779863,0.1157629592826226,0.1679415144837249,0.0594442659701312,10_sp_aij_15,2091765,0.1,10,1524,25,50,even
241,24.848484848484848,0.1670603157921198,0.1265495863735475,0.0248976953891758,0.0962433381814618,0.0933374870881695,0.1145153444839014,0.1820080622945614,0.0964216295310096,0.1944614457696775,0.0529990179105059,10_sp_aij_15,2091765,0.1,10,1524,25,50,even
242,25.454545454545457,0.2244289290784477,0.1326401847621224,0.0290329877447833,0.094312142709216,0.0963289342813065,0.1206377643842669,0.2160473235590747,0.1112736387752112,0.231717796224568,0.0655992030379864,10_sp_aij_15,2091765,0.1,10,1524,25,50,even
243,26.060606060606062,0.1680649218834581,0.1435891421216513,0.0333675582230806,0.0871290546167972,0.0758825854169648,0.1287692133943915,0.2261916363126932,0.1174526819740264,0.2327900864631369,0.0662298256708837,10_sp_aij_15,2091765,0.1,10,1524,25,50,even
244,26.666666666666668,0.1474292409446048,0.1491406839117782,0.0364617211809935,0.0820819327426792,0.0778614392931858,0.1271793396408385,0.2584739498367363,0.0959318980306542,0.2119469755512254,0.0586463438698642,10_sp_aij_15,2091765,0.1,10,1524,25,50,even
245,27.272727272727277,0.1314478674196225,0.1437534184235013,0.0293602893703311,0.0918469967132572,0.092082397193827,0.1023428379601948,0.2187998425832397,0.0979444364186877,0.1856504261256032,0.0578716201888147,10_sp_aij_15,2091765,0.1,10,1524,25,50,even
246,27.87878787878788,0.170915614368751,0.1508937767329746,0.0287734741952234,0.0781926264466988,0.1108467958098657,0.0914231386193167,0.1564901017761075,0.0918471641244753,0.2435292267881945,0.0570669856736629,10_sp_aij_15,2091765,0.1,10,1524,25,50,even
247,28.484848484848484,0.1504497462488856,0.145846713078679,0.0236169349564799,0.0735699604691109,0.1044285924257673,0.0959879371781432,0.1760650206892548,0.0870677421859562,0.1990855250018667,0.048655050476027,10_sp_aij_15,2091765,0.1,10,1524,25,50,even
248,29.090909090909093,0.1749184009726809,0.163003953923961,0.0194568982716787,0.0757389385240574,0.1278627726931483,0.0919346763226212,0.1407571963201963,0.0845596742357049,0.2098060220801956,0.0424656772450171,10_sp_aij_15,2091765,0.1,10,1524,25,50,even
249,30.0,0.1828864539040488,0.1193757712832241,0.0193622968647819,0.0527190765130315,0.1129754364696058,0.1054990313783049,0.2214852066457082,0.0669911867016228,0.1973585856527058,0.0477628630110222,10_sp_aij_15,2091765,0.1,10,1524,25,50,even
250,0.0,0.02,0.02,0.02,0.02,0.04,0.09,0.05,0.04,0.02,0.04,10_sp_aij_15,2369231,0.1,10,1524,25,50,even
251,0.6060606060606061,0.030332645974297,0.0194782549325758,0.0231068577598288,0.0278571551005058,0.0459101368405497,0.0984982734877032,0.0584349974142265,0.0388753679806566,0.0227335147291247,0.0382725229021878,10_sp_aij_15,2369231,0.1,10,1524,25,50,even
252,1.2121212121212122,0.0452685033572119,0.0185633376172581,0.019099975753955,0.0360547034768544,0.0454102914360165,0.1029389097467975,0.0655039315001225,0.0427843386250097,0.032734466205759,0.0328534077663967,10_sp_aij_15,2369231,0.1,10,1524,25,50,even
253,1.8181818181818183,0.0534195450238132,0.0148760285054214,0.0167587172559179,0.0387901928739247,0.036947145133078,0.1176027691383993,0.0771277503357776,0.0516904048333599,0.0510015704960098,0.0325886578885909,10_sp_aij_15,2369231,0.1,10,1524,25,50,even
254,2.4242424242424243,0.0857536661994027,0.0154550011002058,0.0182156364205807,0.0433440188333829,0.0415316407675926,0.1547693020046048,0.0899375132392691,0.0710777085262347,0.0655559270058448,0.0330098973553663,10_sp_aij_15,2369231,0.1,10,1524,25,50,even
255,3.0303030303030303,0.1103017347773005,0.016877446461455,0.0231517272083988,0.035127857027036,0.0406468992530852,0.155640180936697,0.1126084819221028,0.0833770889733579,0.075514215175438,0.0306317683900876,10_sp_aij_15,2369231,0.1,10,1524,25,50,even
256,3.6363636363636367,0.1529661433649341,0.0178798184079832,0.0215966541451549,0.0447307268283114,0.04552309812323,0.1603146569559408,0.1125336056966287,0.1068718262377097,0.0999269458138363,0.0368589502066655,10_sp_aij_15,2369231,0.1,10,1524,25,50,even
257,4.242424242424242,0.1614110323444721,0.0226749147791741,0.0255296490918499,0.0547764622623813,0.0491147678736505,0.1437015957388877,0.1029403546869096,0.1504438823396241,0.094559230941799,0.0373242690105419,10_sp_aij_15,2369231,0.1,10,1524,25,50,even
258,4.848484848484849,0.1469607682258111,0.0315331230799868,0.0276685383867419,0.0773504089442813,0.0449784427888523,0.1500129647950073,0.1305989287314845,0.1741419171375546,0.0990133822868677,0.0281368712770647,10_sp_aij_15,2369231,0.1,10,1524,25,50,even
259,5.454545454545455,0.1413668818572981,0.0453731687683757,0.0231416558628701,0.0978337513081362,0.04903683064791,0.1642029190672559,0.1273254210954577,0.1722019730764998,0.106472302389348,0.0305126333426081,10_sp_aij_15,2369231,0.1,10,1524,25,50,even
260,6.0606060606060606,0.1336171713093936,0.0578330584741026,0.0274302646950912,0.0953695412055482,0.0531436700178598,0.1276333304689387,0.1192715540386139,0.1365647793929505,0.0999665923656779,0.0245692318619918,10_sp_aij_15,2369231,0.1,10,1524,25,50,even
261,6.666666666666667,0.14834481443983,0.0768522179041931,0.0224079716713773,0.1042487443807387,0.0458991756399442,0.1506312697061844,0.1173677044815964,0.187214912493866,0.1101883334091453,0.0247570568590842,10_sp_aij_15,2369231,0.1,10,1524,25,50,even
262,7.272727272727273,0.1382170944123865,0.0990076516795485,0.0198037287224864,0.1061785292251106,0.0551896521059705,0.144977312390364,0.11155353197054,0.2176439756388004,0.122306056009458,0.0223461041233594,10_sp_aij_15,2369231,0.1,10,1524,25,50,even
263,7.878787878787879,0.1354686391129168,0.1385546557502937,0.0188243645323788,0.1075838533090385,0.0667767881581493,0.158945092140293,0.1013862107463276,0.2005636976291509,0.1324791120032539,0.0177695058121635,10_sp_aij_15,2369231,0.1,10,1524,25,50,even
264,8.484848484848484,0.1691149786854016,0.1363047813321775,0.0188286778956783,0.1261289881538732,0.0762377039789241,0.1812057001153817,0.117957597988388,0.233752048079817,0.1451986035965686,0.0193404533336842,10_sp_aij_15,2369231,0.1,10,1524,25,50,even
265,9.090909090909092,0.1432795687389462,0.1671918129097139,0.0168869450211917,0.1462627414645145,0.0795780012420034,0.1940385647979704,0.1425230096610787,0.2231220629026082,0.1629259576576641,0.0178424215418659,10_sp_aij_15,2369231,0.1,10,1524,25,50,even
266,9.696969696969695,0.1331696997189096,0.1366745299396654,0.0103189798200421,0.143816817792913,0.082584503399576,0.2311753053003288,0.1833697367112316,0.1798981284852693,0.1671435669044144,0.0158823464096983,10_sp_aij_15,2369231,0.1,10,1524,25,50,even
267,10.303030303030305,0.1017005185670942,0.1411601100353132,0.0111387564968401,0.1013866083020954,0.0580777885774485,0.2249772892358931,0.1282037516960902,0.1640183522287483,0.1667091946752047,0.0174437095846782,10_sp_aij_15,2369231,0.1,10,1524,25,50,even
268,10.90909090909091,0.0901135320159845,0.1207081035443132,0.0126989680406619,0.1480329668183635,0.0528191750735205,0.2208708879633083,0.2037562229620946,0.1421384630283565,0.1645429793340762,0.0196117388428576,10_sp_aij_15,2369231,0.1,10,1524,25,50,even
269,11.515151515151516,0.0936555074341459,0.156314537985523,0.0119243533942385,0.17730326554764,0.061247933742934,0.2334689060510061,0.2006415952050217,0.1420257138162809,0.2076953141059204,0.029040280022661,10_sp_aij_15,2369231,0.1,10,1524,25,50,even
270,12.12121212121212,0.1008718502168694,0.144612898829149,0.011898987986102,0.1698657750234898,0.0578883852255575,0.2264020763520975,0.2125589757288252,0.1087891971755466,0.1886878922087273,0.0308749701230674,10_sp_aij_15,2369231,0.1,10,1524,25,50,even
271,12.727272727272728,0.1271398899418753,0.1321869754455255,0.0106467195394515,0.1190213951668447,0.0410330052386272,0.1947676170951195,0.1776338682721413,0.122209341167848,0.1700293936532474,0.0325750658185107,10_sp_aij_15,2369231,0.1,10,1524,25,50,even
272,13.333333333333334,0.1217026660146615,0.1229196455560926,0.0099354675869858,0.1273204572232917,0.0467964161464769,0.1838413650890072,0.1924314033551126,0.1266246542016577,0.2156207372703797,0.0399478972994157,10_sp_aij_15,2369231,0.1,10,1524,25,50,even
273,13.93939393939394,0.1126219100155027,0.1351691325481193,0.0100850926698321,0.1200796540856736,0.0506233176635059,0.2034341782131623,0.219095322459269,0.1215145451334833,0.2011440375170562,0.0476756114812855,10_sp_aij_15,2369231,0.1,10,1524,25,50,even
274,14.545454545454549,0.1106304829127005,0.1317313019899673,0.0129289079012222,0.1257463092147863,0.0593392309054442,0.2299343736939069,0.2095299603872279,0.1305284358095386,0.1970237820907847,0.0585461326913289,10_sp_aij_15,2369231,0.1,10,1524,25,50,even
275,15.151515151515152,0.1359863934331621,0.0939431848540238,0.0143389847297927,0.1401738316209279,0.0574579640926518,0.212268630281213,0.2470595455121342,0.1485856969378407,0.2065514204718076,0.0599130060977372,10_sp_aij_15,2369231,0.1,10,1524,25,50,even
276,15.757575757575758,0.1108848284941289,0.1029967055989789,0.0152181137171056,0.1319882316501366,0.0425553940513322,0.1917149522182072,0.2141088699967512,0.1663769001433345,0.2311050291569644,0.0523320919555316,10_sp_aij_15,2369231,0.1,10,1524,25,50,even
277,16.363636363636363,0.0933308690954242,0.1150121298331926,0.0149179237950589,0.1056163129234429,0.0427855518731799,0.2199986589745445,0.1963905888371107,0.1958734215952259,0.2043558184606795,0.055727058664441,10_sp_aij_15,2369231,0.1,10,1524,25,50,even
278,16.96969696969697,0.0771252083310332,0.0849095926601731,0.0120434401837715,0.1142003782362631,0.050573059091783,0.2310824662839113,0.1897769064895478,0.1532120068615767,0.1686250747465429,0.0540231851741968,10_sp_aij_15,2369231,0.1,10,1524,25,50,even
279,17.575757575757578,0.0795886880299062,0.0672574458236304,0.0118128956202234,0.1142722479520735,0.0621273855452582,0.2050161088940331,0.2152881587787407,0.1396870789690596,0.1844169864124977,0.0518043417608886,10_sp_aij_15,2369231,0.1,10,1524,25,50,even
280,18.181818181818183,0.0933474970116371,0.0814606250926874,0.0093068188655982,0.0975480873205149,0.0529848502527036,0.177672478104458,0.2001671274901603,0.1280188776376405,0.1331711518703173,0.0545566172282361,10_sp_aij_15,2369231,0.1,10,1524,25,50,even
281,18.78787878787879,0.1005595278228087,0.0968912551363537,0.0121940422777472,0.0991388293909855,0.0449133248389546,0.2027117878908811,0.205543119343142,0.100573975616015,0.117236770849691,0.0612340624549722,10_sp_aij_15,2369231,0.1,10,1524,25,50,even
282,19.393939393939394,0.1308211341251914,0.1040147479302044,0.0123646724095252,0.1075587890859586,0.0570641974640714,0.2005924065085451,0.1917550299579865,0.0998712228647054,0.1339667159768613,0.0700803470799823,10_sp_aij_15,2369231,0.1,10,1524,25,50,even
283,20.0,0.1563102045916051,0.0991789374247213,0.0102735928587452,0.0975706197010559,0.0636647012347792,0.1980860661789964,0.1750974246808982,0.113361774217814,0.155669286148439,0.069204793841198,10_sp_aij_15,2369231,0.1,10,1524,25,50,even
284,20.60606060606061,0.1575623742557935,0.1331182751561623,0.0104572771965311,0.0902717558028825,0.0771405353111128,0.1978672044200224,0.2268085061978718,0.1094126390067873,0.1743468912386783,0.0697558265874855,10_sp_aij_15,2369231,0.1,10,1524,25,50,even
285,21.21212121212121,0.1094538985193419,0.12292567468818,0.0117892973213669,0.0878488531539477,0.0630756694407915,0.162913582909243,0.2007364135023813,0.1168036480511466,0.1735621259799354,0.0603473765866965,10_sp_aij_15,2369231,0.1,10,1524,25,50,even
286,21.81818181818182,0.1211396756578978,0.1312528012422582,0.0157016213191121,0.0963532556917492,0.0636552597846578,0.1750321239984148,0.197845121025412,0.1239418708539858,0.1594363737224949,0.0600087128864458,10_sp_aij_15,2369231,0.1,10,1524,25,50,even
287,22.424242424242426,0.100709132763776,0.1303600543558338,0.0150213355275024,0.138280593196141,0.0911965434109721,0.1438115775989726,0.2022417070659684,0.1207556927283424,0.1741307697104477,0.0528958561215282,10_sp_aij_15,2369231,0.1,10,1524,25,50,even
288,23.03030303030303,0.1049640518666558,0.1545719636414372,0.012399322452509,0.1494070311878122,0.1132920834461838,0.1780801468720699,0.189505895492146,0.1235292858433289,0.2241584013129102,0.045846759520589,10_sp_aij_15,2369231,0.1,10,1524,25,50,even
289,23.63636363636364,0.1155038943892617,0.1569370403161312,0.0157325601556047,0.1315351487027493,0.123635447561266,0.169880423823713,0.1929816256248241,0.1065400307376048,0.2541438349289917,0.0455500609024199,10_sp_aij_15,2369231,0.1,10,1524,25,50,even
290,24.24242424242424,0.1244829710699094,0.1426357542728874,0.0116505760861803,0.0942059047640862,0.1353907851172993,0.187639816917452,0.2068769438324498,0.1039812096641876,0.2304726921954265,0.0599182208138724,10_sp_aij_15,2369231,0.1,10,1524,25,50,even
291,24.848484848484848,0.1084521732701575,0.1161879710577711,0.0103404181367459,0.1009616468406733,0.1356092096855757,0.1643511462627868,0.2008183170643969,0.1218120283718221,0.2265688298690129,0.0702344068286157,10_sp_aij_15,2369231,0.1,10,1524,25,50,even
292,25.454545454545457,0.0937281735460901,0.1031939031427036,0.0109862212803369,0.0778842592791014,0.1153319242310988,0.1336250111026863,0.1610822279033336,0.1058104258757559,0.1976609922013394,0.0731055341358193,10_sp_aij_15,2369231,0.1,10,1524,25,50,even
293,26.060606060606062,0.0758680950949721,0.0888960805039566,0.0106463042983662,0.0737009571952428,0.1138512477239724,0.1263271284922225,0.1700919200466148,0.1002417002420957,0.2116354264404739,0.0666677306114443,10_sp_aij_15,2369231,0.1,10,1524,25,50,even
294,26.666666666666668,0.1042885189646993,0.0754101898827012,0.0142142258788563,0.0593242487101004,0.1053818427371501,0.1281405245091273,0.210797704495507,0.0925037268247788,0.1974318611300616,0.0869909681480178,10_sp_aij_15,2369231,0.1,10,1524,25,50,even
295,27.272727272727277,0.0912228721179544,0.0798879445236725,0.0139456738372234,0.0594319975006759,0.0976892732050012,0.1175385430742753,0.2173479934065087,0.0854241828981718,0.2032501022555367,0.0887503531284107,10_sp_aij_15,2369231,0.1,10,1524,25,50,even
296,27.87878787878788,0.1003543433843623,0.0725362823955758,0.0172099275682534,0.0528651585753137,0.0974025607814201,0.0918853918418161,0.1960218269305092,0.0782813548627036,0.1432935967827284,0.0953351915273032,10_sp_aij_15,2369231,0.1,10,1524,25,50,even
297,28.484848484848484,0.1297397510155409,0.0738510738563048,0.0148755983196031,0.0573348439133857,0.1117115609433851,0.0860385350952374,0.1736711136033709,0.0841122973334201,0.1403936279650817,0.0630788878925653,10_sp_aij_15,2369231,0.1,10,1524,25,50,even
298,29.090909090909093,0.1379362703988529,0.0850171352007913,0.0170368694317332,0.0614628753252469,0.1153122180129633,0.0913946230644512,0.1369765504811845,0.0721503012177098,0.1198645110230415,0.0611623953683048,10_sp_aij_15,2369231,0.1,10,1524,25,50,even
299,30.0,0.1730332485446317,0.050565732349088,0.0131120759704518,0.0656169701968037,0.1135545121253017,0.0895577626078665,0.1378987682778194,0.0822665771230636,0.1260407862163697,0.087651083347984,10_sp_aij_15,2369231,0.1,10,1524,25,50,even
300,0.0,0.06,0.03,0.06,0.01,0.05,0.04,0.06,0.01,0.04,0.09,10_sp_aij_15,2753893,0.1,10,1524,25,50,even
301,0.6060606060606061,0.0989321297316316,0.0304258829757714,0.0655738191079958,0.0105329251544515,0.0556083089202713,0.0390215204538177,0.0547201768194106,0.0139155180475355,0.0595285862976909,0.0992584435692817,10_sp_aij_15,2753893,0.1,10,1524,25,50,even
302,1.2121212121212122,0.1245870768916715,0.0318948774187016,0.0730559338660976,0.0138563522301996,0.0368537503203103,0.0365874161219466,0.0586676941679254,0.0170934431314024,0.0767423511157271,0.0840215736270339,10_sp_aij_15,2753893,0.1,10,1524,25,50,even
303,1.8181818181818183,0.1308126520609583,0.0426703942595734,0.0877505600328104,0.0128814067112819,0.0465382892421046,0.0370469790825288,0.05008995151119,0.0144532229519057,0.0901906382208385,0.0569524082879644,10_sp_aij_15,2753893,0.1,10,1524,25,50,even
304,2.4242424242424243,0.1978728398580825,0.0551499772627892,0.0998549595832394,0.0150553195094724,0.0423059037089787,0.0435003694762456,0.0569590527796575,0.0196918747783861,0.0655581085432919,0.0590496394616966,10_sp_aij_15,2753893,0.1,10,1524,25,50,even
305,3.0303030303030303,0.2000177327123827,0.0558769242674625,0.0954887666859678,0.0202892946327477,0.0427187545666398,0.0373359668607833,0.0687547415427101,0.0247913124993621,0.0516371965478845,0.0486209181715028,10_sp_aij_15,2753893,0.1,10,1524,25,50,even
306,3.6363636363636367,0.1798630483351899,0.0615505581337541,0.070202735692421,0.0231292307002548,0.0353279068986036,0.0403951707110274,0.0904866133802908,0.0308342554992767,0.0432679264194438,0.0427948362455767,10_sp_aij_15,2753893,0.1,10,1524,25,50,even
307,4.242424242424242,0.1750819977877352,0.0776937447793743,0.0531956018210974,0.0234733352178985,0.0355803165954025,0.047365337704598,0.103870086585778,0.0396593408295125,0.0456450594593991,0.0457049900587475,10_sp_aij_15,2753893,0.1,10,1524,25,50,even
308,4.848484848484849,0.1985461847623763,0.0817640459132051,0.0500322354695219,0.0290750647433637,0.0384145180674223,0.0602938984616414,0.1162599936626734,0.0500551538193608,0.0431984290518648,0.0562870112929847,10_sp_aij_15,2753893,0.1,10,1524,25,50,even
309,5.454545454545455,0.2251257341496099,0.086091315442885,0.0371152026656427,0.0323127750650739,0.0468483217415345,0.0745686380808887,0.1208539994470696,0.0605954938634166,0.0546232699214516,0.0387405079131658,10_sp_aij_15,2753893,0.1,10,1524,25,50,even
310,6.0606060606060606,0.1557517340402167,0.0878169255494685,0.0333163412958841,0.0431515856597045,0.0590341565375437,0.0636684929658268,0.1108751995214927,0.0674407827163534,0.0661222850628323,0.0317321377717731,10_sp_aij_15,2753893,0.1,10,1524,25,50,even
311,6.666666666666667,0.1364441016478019,0.0963755712281678,0.0318129725751572,0.0422205641573512,0.070374566091351,0.0802099032367483,0.1303809136782524,0.0652883097927609,0.0791137580298218,0.0409534383050975,10_sp_aij_15,2753893,0.1,10,1524,25,50,even
312,7.272727272727273,0.1346630982090588,0.0811354440543355,0.0240082960608733,0.0357525088340896,0.0699305888247488,0.0822909099178426,0.131767981887666,0.0706360032329845,0.0913425861635659,0.0333847065767801,10_sp_aij_15,2753893,0.1,10,1524,25,50,even
313,7.878787878787879,0.1565301233000845,0.0890835224492082,0.0202708085305446,0.0464683419971273,0.0892192473796564,0.0834481673283804,0.1169188463535133,0.0880603905121701,0.104729850569995,0.0362923698415812,10_sp_aij_15,2753893,0.1,10,1524,25,50,even
314,8.484848484848484,0.1377899185104777,0.0851179722514225,0.018532896956288,0.0594139016884733,0.0854524697400081,0.0734162808785296,0.1446125504407363,0.0920359804952854,0.1283821249810033,0.0333352162343702,10_sp_aij_15,2753893,0.1,10,1524,25,50,even
315,9.090909090909092,0.123050620912217,0.1040287942382117,0.0215167042950279,0.0578420323461147,0.1027914667286703,0.0742127137316853,0.1524295838095663,0.1238998932257921,0.1478888776511986,0.0290934130224965,10_sp_aij_15,2753893,0.1,10,1524,25,50,even
316,9.696969696969695,0.1331515581437683,0.1114649525189367,0.0232392532368966,0.0498908199481536,0.0991883728712516,0.09735766872817,0.1252856899389404,0.1294724076861569,0.1096072819305908,0.0362576656538903,10_sp_aij_15,2753893,0.1,10,1524,25,50,even
317,10.303030303030305,0.1247675686684406,0.1169665221753581,0.0217381665338939,0.0656144079279568,0.0930486015175044,0.088714808882553,0.1189629495992802,0.1371856888268374,0.1239517111760293,0.0330588590898576,10_sp_aij_15,2753893,0.1,10,1524,25,50,even
318,10.90909090909091,0.1181969731501604,0.125223086844894,0.0229877172192623,0.0773642017798019,0.0877819178119251,0.0981907177876295,0.0957860347764938,0.1599369259215646,0.1562452685713574,0.0341138332563347,10_sp_aij_15,2753893,0.1,10,1524,25,50,even
319,11.515151515151516,0.1376577225888947,0.1350099289113985,0.017348515291864,0.0901152853754087,0.1116770858064881,0.1113526921103577,0.101521069867712,0.1559032162196827,0.1226767459665982,0.0443845778157383,10_sp_aij_15,2753893,0.1,10,1524,25,50,even
320,12.12121212121212,0.168739959381011,0.120600137938937,0.0139844507643267,0.086449380696187,0.1079722995436508,0.1132255241634849,0.0759328324507874,0.1351499752080434,0.1437439249587184,0.0435480741453812,10_sp_aij_15,2753893,0.1,10,1524,25,50,even
321,12.727272727272728,0.1293562649786646,0.0900208957055796,0.0154833825367915,0.0875137209278906,0.1034886056083233,0.1018670536287439,0.0599677092656333,0.15706753666366,0.1638113600987246,0.042918213761734,10_sp_aij_15,2753893,0.1,10,1524,25,50,even
322,13.333333333333334,0.1105760092720593,0.0739790938603208,0.0151208863414096,0.0839178286063874,0.1089009182170477,0.1049875944343134,0.0539231290302864,0.1984322649813012,0.1590993696708248,0.0446577690022097,10_sp_aij_15,2753893,0.1,10,1524,25,50,even
323,13.93939393939394,0.0843553661962255,0.07523627739373,0.0174734342417222,0.0828890532942154,0.1001719422736572,0.1213394466723756,0.061079383095137,0.1531457220283742,0.1228153418745536,0.039854238078029,10_sp_aij_15,2753893,0.1,10,1524,25,50,even
324,14.545454545454549,0.0894077810804389,0.0867406445460014,0.0174070043648387,0.1066206897043477,0.1198571170414612,0.1098339489288272,0.0787894690982606,0.1339981071968486,0.1139324183150103,0.0437242109251033,10_sp_aij_15,2753893,0.1,10,1524,25,50,even
325,15.151515151515152,0.1173661509521087,0.0920453701076532,0.0172859844829323,0.0809725699288938,0.1003057398762109,0.1037466438577631,0.1131948592118108,0.1070098720365455,0.1415321981431876,0.0493556608569828,10_sp_aij_15,2753893,0.1,10,1524,25,50,even
326,15.757575757575758,0.1025769658026458,0.0902579466443041,0.0179856142279446,0.0877592686474075,0.1027600111598394,0.0978697070734424,0.1029581992839295,0.1017743994621677,0.1240123032057377,0.0611275856631319,10_sp_aij_15,2753893,0.1,10,1524,25,50,even
327,16.363636363636363,0.1256725330156833,0.1166133437777118,0.0187197654330656,0.082426709851594,0.0963075286113966,0.0994069821894357,0.1050326691358961,0.0842549014956366,0.1780116575017351,0.0471146342464546,10_sp_aij_15,2753893,0.1,10,1524,25,50,even
328,16.96969696969697,0.1210414899040489,0.1061196362039781,0.0116786700132001,0.0994437306987738,0.1080688766683801,0.078165893501496,0.1223600464410285,0.0606897658770828,0.174552713836825,0.0506443939157556,10_sp_aij_15,2753893,0.1,10,1524,25,50,even
329,17.575757575757578,0.1355950393765679,0.0906761043247378,0.0114539877823324,0.0879616524934772,0.1114834172768967,0.0802430612464487,0.1305824808560328,0.0633681820400546,0.1833646778380296,0.0624935507612172,10_sp_aij_15,2753893,0.1,10,1524,25,50,even
330,18.181818181818183,0.1613608538529406,0.0978788701207187,0.0155626953764457,0.0783326831357391,0.121845500409765,0.0784862291659679,0.1575091273069258,0.0622164650201296,0.1625219146828061,0.0699916317541807,10_sp_aij_15,2753893,0.1,10,1524,25,50,even
331,18.78787878787879,0.1699977137002595,0.0932437366437811,0.0165631303290766,0.0720604966577274,0.1302916659193482,0.0730804499837745,0.1639954127882298,0.0652277341307052,0.164017379196041,0.0602594797248493,10_sp_aij_15,2753893,0.1,10,1524,25,50,even
332,19.393939393939394,0.1429646412589345,0.0898527530425415,0.0178426352409052,0.0676862881672936,0.1127961469529183,0.079296179209246,0.1447752763169533,0.0740997366102618,0.1681147660003212,0.0634017628119815,10_sp_aij_15,2753893,0.1,10,1524,25,50,even
333,20.0,0.1394526157207473,0.0779239233279795,0.0201952583628971,0.0662667163958385,0.1155859887343161,0.0946970844167362,0.1606570213103348,0.0616042253194245,0.1601124171104883,0.0727325502286036,10_sp_aij_15,2753893,0.1,10,1524,25,50,even
334,20.60606060606061,0.1132009470751961,0.0862035953802885,0.0221498743328585,0.0648879610228564,0.1087150869885131,0.091659315005707,0.1642733465720312,0.0731622611303174,0.1612635251126842,0.0899892128080054,10_sp_aij_15,2753893,0.1,10,1524,25,50,even
335,21.21212121212121,0.102972634638779,0.0789896700571247,0.0237530623378169,0.0646747408117136,0.1066926831517205,0.1106978666089668,0.1557624873629493,0.0720491965851802,0.183534745661108,0.0668211218335806,10_sp_aij_15,2753893,0.1,10,1524,25,50,even
336,21.81818181818182,0.133655939977253,0.0721730811048582,0.0232412331554321,0.0572642568103712,0.1120224270558176,0.1223860512732997,0.1459518371830588,0.085148852424386,0.193720086955638,0.0546552324865487,10_sp_aij_15,2753893,0.1,10,1524,25,50,even
337,22.424242424242426,0.1099633753861987,0.0709147147518017,0.0230736319413512,0.0525322990611809,0.0919083046937853,0.1042203018459199,0.1660095650478024,0.0868621015723504,0.1818709728884523,0.059649155817095,10_sp_aij_15,2753893,0.1,10,1524,25,50,even
338,23.03030303030303,0.0976307467918776,0.0617870439233619,0.0270332388391245,0.0545065180683975,0.0833145274697883,0.0969219294034866,0.1853719386994253,0.0756480440704589,0.2187589308132108,0.0626588267093917,10_sp_aij_15,2753893,0.1,10,1524,25,50,even
339,23.63636363636364,0.1297209264772778,0.0623003714185017,0.0303192261459673,0.0639777169973002,0.0872021794953617,0.0781379390422418,0.2210551445459118,0.0771731166765627,0.1944504409841688,0.0582687958455129,10_sp_aij_15,2753893,0.1,10,1524,25,50,even
340,24.24242424242424,0.131456177142698,0.0713775930552067,0.0295142283609841,0.0650770908572698,0.0839378953353068,0.0794145180741543,0.2229216790161765,0.0709705163500721,0.1440569976628087,0.0479376938231099,10_sp_aij_15,2753893,0.1,10,1524,25,50,even
341,24.848484848484848,0.1204907029290987,0.073904222462588,0.0277286097082898,0.0742138876249415,0.1015504557705839,0.0845005612355612,0.2173163738749184,0.0690540026881459,0.1566135116819396,0.0524575816026607,10_sp_aij_15,2753893,0.1,10,1524,25,50,even
342,25.454545454545457,0.1254064709097891,0.077976517305907,0.0366169728160682,0.0698768144924419,0.0969574383931694,0.086650238171737,0.2228210940928917,0.0672079262721487,0.1814690256701072,0.0554062349087728,10_sp_aij_15,2753893,0.1,10,1524,25,50,even
343,26.060606060606062,0.0955692597308877,0.0714008518414291,0.0329660912148314,0.073662017066777,0.1144396352357634,0.1026269907167175,0.2043191698923971,0.0570231267279668,0.1555824053259229,0.0663826687172811,10_sp_aij_15,2753893,0.1,10,1524,25,50,even
344,26.666666666666668,0.0880228794460404,0.0641113579465265,0.0277719481619016,0.071660835558974,0.0809965926268983,0.1086494188403902,0.1942822355513877,0.073103839626726,0.1280239750931834,0.0546119774685967,10_sp_aij_15,2753893,0.1,10,1524,25,50,even
345,27.272727272727277,0.1047751263089536,0.0718320399371713,0.0213072102163926,0.0799906913431865,0.0776634162051016,0.1404377421751558,0.1342840545331909,0.0705598494035939,0.1593082817860646,0.0610351864488266,10_sp_aij_15,2753893,0.1,10,1524,25,50,even
346,27.87878787878788,0.1100818549775254,0.0869961804697472,0.0192889512083167,0.0898175343726231,0.0761209965817926,0.1111579942046817,0.1483402575907073,0.0580049651128939,0.1500122851827312,0.0701255366993079,10_sp_aij_15,2753893,0.1,10,1524,25,50,even
347,28.484848484848484,0.1373588760865893,0.0833684591895364,0.0195815053814943,0.1013712574809582,0.0723783708051276,0.1124062818820827,0.1631729171887863,0.0671444773177426,0.1830130259966237,0.0711269346501138,10_sp_aij_15,2753893,0.1,10,1524,25,50,even
348,29.090909090909093,0.1424086920221783,0.0995476031848674,0.0180928934159715,0.0666217619982437,0.0800966580164262,0.1089332090444003,0.131434119934729,0.0669427892473489,0.1682112322358903,0.0693188951044504,10_sp_aij_15,2753893,0.1,10,1524,25,50,even
349,30.0,0.1181232448451841,0.0686595261311514,0.0196280388030666,0.0826233642347045,0.0781855183564973,0.0993618442575368,0.1406107275779261,0.0642186160507572,0.1611172689614002,0.0732836032869791,10_sp_aij_15,2753893,0.1,10,1524,25,50,even
350,0.0,0.07,0.09,0.01,0.04,0.01,0.09,0.03,0.08,0.08,0.09,10_sp_aij_15,2858482,0.1,10,1524,25,50,even
351,0.6060606060606061,0.0794840235826324,0.0695114205012625,0.0109488858292985,0.0352193264997424,0.0109401632792285,0.1047888055177689,0.0318202800249535,0.0974035124906605,0.1015041539995529,0.0881577358793346,10_sp_aij_15,2858482,0.1,10,1524,25,50,even
352,1.2121212121212122,0.0914128725037993,0.0723883387893058,0.0146377681694157,0.0421859944551069,0.0114309951409523,0.088811135847081,0.0379537383037631,0.0950748718353029,0.1007686089647409,0.0837877296585188,10_sp_aij_15,2858482,0.1,10,1524,25,50,even
353,1.8181818181818183,0.1056580949773641,0.0704651032419759,0.0149273829846969,0.0519869133110097,0.013893209633398,0.1002503986918605,0.0423441772359293,0.1039339603052729,0.1041064395450105,0.0793442509175487,10_sp_aij_15,2858482,0.1,10,1524,25,50,even
354,2.4242424242424243,0.1335815305405451,0.079491502092751,0.0146041728651039,0.0422520837551132,0.0150922968495804,0.0915313972269852,0.0514429360170451,0.1018533043298208,0.1181067089271133,0.0740175463655329,10_sp_aij_15,2858482,0.1,10,1524,25,50,even
355,3.0303030303030303,0.1149917256974552,0.0554062463770794,0.0149222086685322,0.0472763609809479,0.0170921285847165,0.098464649167419,0.0695473697955526,0.1142958839326675,0.1158194232265725,0.0768111325942619,10_sp_aij_15,2858482,0.1,10,1524,25,50,even
356,3.6363636363636367,0.1006698735486909,0.057062279109343,0.0132394425060164,0.0602972638748197,0.0227769099238435,0.111160719120203,0.0720691304109261,0.139274696431964,0.0946064997840935,0.0845974527783708,10_sp_aij_15,2858482,0.1,10,1524,25,50,even
357,4.242424242424242,0.1041610476060179,0.0590169955615438,0.0126407963900024,0.0606373554444316,0.0179693424102115,0.0987850681176336,0.088230510542733,0.176325831059469,0.102748627206736,0.072598090501156,10_sp_aij_15,2858482,0.1,10,1524,25,50,even
358,4.848484848484849,0.1259879401933117,0.08249343469076,0.0116164093295781,0.0594823045143764,0.0203910260573655,0.0839788586108131,0.0806649769616504,0.1608449487158464,0.1268692382736063,0.0626655187877979,10_sp_aij_15,2858482,0.1,10,1524,25,50,even
359,5.454545454545455,0.1267208557519213,0.1257410294233198,0.0107077716787912,0.0675724794037623,0.0232538750841417,0.0984656865831154,0.0986029112400995,0.1545072562195348,0.1555128309304014,0.0550477715869407,10_sp_aij_15,2858482,0.1,10,1524,25,50,even
360,6.0606060606060606,0.0981872754170563,0.1216729160436797,0.0107059012118238,0.0637974023133727,0.0244724663706947,0.1180685832474382,0.0906661818633453,0.1717775813957234,0.1395448489659226,0.0642106175497551,10_sp_aij_15,2858482,0.1,10,1524,25,50,even
361,6.666666666666667,0.1249211687025759,0.1348734912694883,0.0100690668609339,0.0743222162389593,0.0284326636152541,0.1013558479684869,0.0919628551908907,0.154994481890316,0.1184741665895782,0.0602101232138245,10_sp_aij_15,2858482,0.1,10,1524,25,50,even
362,7.272727272727273,0.1054314544324523,0.161524325205708,0.0067059478993716,0.1072164254240562,0.0391765669939806,0.1149473142135037,0.0832678532516829,0.1246508097882068,0.1320362508315014,0.0546055303048751,10_sp_aij_15,2858482,0.1,10,1524,25,50,even
363,7.878787878787879,0.1077139564547961,0.1641109341147173,0.0084071357690968,0.104688393202439,0.0458369542853101,0.1611215555627683,0.0842527374115447,0.1088549817132304,0.1350559316079317,0.0548178413733093,10_sp_aij_15,2858482,0.1,10,1524,25,50,even
364,8.484848484848484,0.130460790363937,0.133617898974654,0.0092857382967042,0.1125874878483946,0.0518733669899964,0.1706266563068893,0.0914024002958132,0.1334619392427422,0.1677001488086787,0.0646024335259768,10_sp_aij_15,2858482,0.1,10,1524,25,50,even
365,9.090909090909092,0.1269451965741394,0.1257443392234323,0.0100168344963854,0.1179104245650624,0.061245394366661,0.144660722660496,0.1007218401034823,0.1398234830785254,0.1811203168948175,0.0826501343405882,10_sp_aij_15,2858482,0.1,10,1524,25,50,even
366,9.696969696969695,0.1342367383530411,0.0846443144271038,0.009899224197418,0.1271958889528232,0.0694180280292856,0.131525730905774,0.1016300786819732,0.1162740735608608,0.1933220410645417,0.0841593914252179,10_sp_aij_15,2858482,0.1,10,1524,25,50,even
367,10.303030303030305,0.139207961098813,0.1086779640317828,0.0121326519071056,0.1586836369980543,0.0608891553041099,0.1595143706096556,0.137149701235271,0.1256434180414547,0.2023656001993637,0.0890990380552342,10_sp_aij_15,2858482,0.1,10,1524,25,50,even
368,10.90909090909091,0.1527481244180539,0.1035557167402285,0.0150538782192091,0.1424605723387555,0.0738982705798323,0.1316990138723807,0.1425738077284399,0.1301604751643121,0.1912004437436425,0.1016556906816232,10_sp_aij_15,2858482,0.1,10,1524,25,50,even
369,11.515151515151516,0.1483624421164861,0.1452091508583096,0.0198725587451914,0.1195567990657791,0.0790035409283738,0.1283600249389604,0.1241626896403997,0.1217572250045878,0.1848229474368919,0.0967387818456407,10_sp_aij_15,2858482,0.1,10,1524,25,50,even
370,12.12121212121212,0.1261869796107974,0.1275447750990593,0.0184209200172594,0.1002749501656124,0.0929048179390047,0.1233716661689955,0.1464068759690801,0.1021456070873683,0.1994520083051113,0.1166773997220295,10_sp_aij_15,2858482,0.1,10,1524,25,50,even
371,12.727272727272728,0.1035137000768588,0.10912281782608,0.019441035030823,0.0972791530374543,0.094887652027026,0.1084363397912252,0.1431415090981278,0.11783998871134,0.1785312198792175,0.104684944781316,10_sp_aij_15,2858482,0.1,10,1524,25,50,even
372,13.333333333333334,0.1124005619291447,0.0818637947560233,0.015369544409059,0.0792744265336984,0.0799175548859214,0.1262753194701489,0.1391906084340071,0.0949365464069885,0.1708567713868472,0.1150879303949018,10_sp_aij_15,2858482,0.1,10,1524,25,50,even
373,13.93939393939394,0.1179996261157329,0.0858068099581309,0.0182570828346632,0.076255718752566,0.0794108427515562,0.1165253408051349,0.1366678107374075,0.0937038621253295,0.175518044945808,0.1081502866984368,10_sp_aij_15,2858482,0.1,10,1524,25,50,even
374,14.545454545454549,0.1201983228436434,0.0936022174242173,0.0151208158069971,0.0660157910814049,0.0930846945223809,0.1102189724271907,0.1386499857767302,0.0974204738504854,0.1621951158040338,0.1107759563042839,10_sp_aij_15,2858482,0.1,10,1524,25,50,even
375,15.151515151515152,0.1283425731714632,0.1114963731953459,0.0146651057532461,0.0661681723118765,0.0976130053706563,0.1051029949892406,0.1661397166559748,0.1032914249415031,0.18601380285789,0.1073460007477962,10_sp_aij_15,2858482,0.1,10,1524,25,50,even
376,15.757575757575758,0.1147632664755429,0.1030078190889493,0.0167282789877835,0.0704870399032719,0.0905852065871147,0.1356783064663922,0.1450726472182189,0.1079218124024274,0.1847508588083334,0.0920476018695104,10_sp_aij_15,2858482,0.1,10,1524,25,50,even
377,16.363636363636363,0.1088088357672271,0.0920873042184498,0.0208552856150408,0.0699879016680928,0.0770353303965984,0.1319499562257368,0.130326655546463,0.129323945920793,0.1866969896859045,0.1158992785576098,10_sp_aij_15,2858482,0.1,10,1524,25,50,even
378,16.96969696969697,0.1110362190811399,0.0926083021036504,0.015632029195076,0.0815653647786428,0.0812226887550294,0.1236649111469181,0.1450849966761705,0.1548683736786598,0.1909903660673277,0.1081695811550423,10_sp_aij_15,2858482,0.1,10,1524,25,50,even
379,17.575757575757578,0.0900772876825604,0.0984683796007462,0.0170395923873339,0.0889312419853266,0.0895525381539915,0.1145194684535476,0.1619225322479257,0.1361112792252716,0.2185034136523781,0.0900425271190689,10_sp_aij_15,2858482,0.1,10,1524,25,50,even
380,18.181818181818183,0.0844177856274901,0.0981448753559023,0.0210638290807803,0.0722991414734747,0.0952528117252682,0.1253795811604654,0.1493569710768353,0.1181858895903115,0.2218434263985363,0.0810645514500548,10_sp_aij_15,2858482,0.1,10,1524,25,50,even
381,18.78787878787879,0.1084099426174903,0.0956397739118813,0.0273420612535023,0.0767318813758895,0.1049772234117581,0.0911355471051727,0.137311597468788,0.0879412367043952,0.1888016390654147,0.0615367558694138,10_sp_aij_15,2858482,0.1,10,1524,25,50,even
382,19.393939393939394,0.096518194848745,0.0897324990663609,0.0261375003451818,0.0876425573135112,0.1145469540797555,0.119699699013692,0.1262959609865694,0.0897221792629727,0.1815804397336822,0.0621269466842377,10_sp_aij_15,2858482,0.1,10,1524,25,50,even
383,20.0,0.0958657428604468,0.0879006184813282,0.0225171107045198,0.0902071243713787,0.1208550237997076,0.0948210057465758,0.1261153499487959,0.0954281292150207,0.1915679742975104,0.0720021686730117,10_sp_aij_15,2858482,0.1,10,1524,25,50,even
384,20.60606060606061,0.095927798960345,0.1007747496410356,0.0198238003017837,0.0747725831334789,0.1232103264891966,0.0945249440914945,0.118703702472856,0.091194751141926,0.1861405979980381,0.0877083969855226,10_sp_aij_15,2858482,0.1,10,1524,25,50,even
385,21.21212121212121,0.0816540229694865,0.0898636952824752,0.0260026746654893,0.0774111671093957,0.1448588265343389,0.113269473738991,0.1345689752977864,0.1008365719570149,0.1501453912007203,0.083511617176509,10_sp_aij_15,2858482,0.1,10,1524,25,50,even
386,21.81818181818182,0.0945813915555409,0.0911166856028974,0.0245361224041147,0.0800229678272473,0.1115555799750279,0.1252955555899062,0.1506402175217788,0.0795984105943276,0.1507234391587235,0.0958039828000904,10_sp_aij_15,2858482,0.1,10,1524,25,50,even
387,22.424242424242426,0.0975974633059836,0.1020015519670538,0.0286666603968461,0.1021982668563018,0.0964211201591724,0.1389768163414434,0.1487434887963099,0.0586856452206474,0.1838919639747973,0.1179562739918696,10_sp_aij_15,2858482,0.1,10,1524,25,50,even
388,23.03030303030303,0.0854364154040844,0.0880075336945384,0.0350117929229422,0.0841698789599977,0.1050282867031901,0.1282924823886879,0.1778625321894244,0.0823234668498321,0.1664277371388588,0.1187454560378063,10_sp_aij_15,2858482,0.1,10,1524,25,50,even
389,23.63636363636364,0.1137623008233218,0.0748505749622302,0.0462558895302051,0.0707641197169961,0.088337902511294,0.1289776817233976,0.1401337215252282,0.0883565292662633,0.1883215084675866,0.112171080437383,10_sp_aij_15,2858482,0.1,10,1524,25,50,even
390,24.24242424242424,0.1000127919495012,0.0637418186033823,0.0442664671143897,0.0598599541732657,0.0903153214132799,0.0908893313192429,0.1447594543009275,0.1076171746312637,0.174458520530271,0.0970676088564222,10_sp_aij_15,2858482,0.1,10,1524,25,50,even
391,24.848484848484848,0.1364344987264739,0.0707955810162491,0.0429281942926168,0.0535509067344175,0.0899865842972399,0.1061332677236308,0.1320294460335585,0.1136750661133139,0.1865509598387383,0.0979086465444734,10_sp_aij_15,2858482,0.1,10,1524,25,50,even
392,25.454545454545457,0.1186149522183171,0.0610334426638929,0.0521616791082856,0.0567583801111238,0.0888508614533921,0.1044280169445634,0.1496964166438937,0.1212277854932791,0.2041100838957088,0.0875110385763216,10_sp_aij_15,2858482,0.1,10,1524,25,50,even
393,26.060606060606062,0.1130330575443756,0.0787623383872521,0.0509192885298103,0.0569733396977607,0.0864070477684173,0.0794297636652103,0.1518205859405909,0.1120064157547651,0.1661468926807015,0.083348366907534,10_sp_aij_15,2858482,0.1,10,1524,25,50,even
394,26.666666666666668,0.1058670010232624,0.0844033829008313,0.052679554706302,0.0595016617296673,0.0765096164882572,0.0881211837518316,0.1371728157651821,0.1094826305754097,0.1751408561649914,0.0779930171914827,10_sp_aij_15,2858482,0.1,10,1524,25,50,even
395,27.272727272727277,0.1072848268880749,0.104144897031634,0.0457877771773128,0.0611227903724765,0.0920908223980502,0.0972617163549616,0.131620909678615,0.1040351906406048,0.1780588300113212,0.1052166047475546,10_sp_aij_15,2858482,0.1,10,1524,25,50,even
396,27.87878787878788,0.126015562318921,0.0949590266585022,0.0494065400625079,0.0678359408648097,0.0920437710236092,0.1039166005429042,0.0861440501240425,0.0918485088547687,0.1852442799839113,0.1149372869162914,10_sp_aij_15,2858482,0.1,10,1524,25,50,even
397,28.484848484848484,0.108851095800681,0.0970336391211271,0.0389119579353184,0.0621255983444099,0.1141753738801763,0.0927938180848142,0.0974217055713673,0.0939436351090413,0.152406677295718,0.1245943218616781,10_sp_aij_15,2858482,0.1,10,1524,25,50,even
398,29.090909090909093,0.1153289981302771,0.0898744906166872,0.0420558546586913,0.0681969421651521,0.102943461080973,0.0876654647986967,0.0981614125342428,0.1210835002394702,0.1354962520308637,0.1416919099318694,10_sp_aij_15,2858482,0.1,10,1524,25,50,even
399,30.0,0.0901523276684377,0.0681419728601009,0.0358064353622029,0.0651891004299659,0.1258071484876961,0.083619905079852,0.1126220481382809,0.1091941679219051,0.1592426835987502,0.1127280004386646,10_sp_aij_15,2858482,0.1,10,1524,25,50,even
400,0.0,0.08,0.06,0.05,0.06,0.02,0.01,0.09,0.06,0.05,0.07,10_sp_aij_15,2905119,0.1,10,1524,25,50,even
401,0.6060606060606061,0.0714006522037415,0.083589083787264,0.0466090597813707,0.0652920673984406,0.0195346902962753,0.0119928061615351,0.0806424777830713,0.068447199737354,0.0550261304062818,0.073149999338551,10_sp_aij_15,2905119,0.1,10,1524,25,50,even
402,1.2121212121212122,0.0904804601305518,0.0766125984323318,0.034189332235342,0.0663564653420552,0.0200336543251339,0.0149657873316136,0.0838381363188408,0.0740009778237335,0.0610890159771867,0.0908552602861351,10_sp_aij_15,2905119,0.1,10,1524,25,50,even
403,1.8181818181818183,0.1226732998593169,0.0802271675759408,0.031685879082279,0.0698100924350262,0.021145263296976,0.0207262365893316,0.0746471894000409,0.1042279720899835,0.072622142810145,0.0815644792133172,10_sp_aij_15,2905119,0.1,10,1524,25,50,even
404,2.4242424242424243,0.1399544366085264,0.1060194630992195,0.0277950507498087,0.0644176116987628,0.0235335236289309,0.025505676994599,0.0742807161055048,0.1251117653638172,0.0854948836470196,0.0865868204328783,10_sp_aij_15,2905119,0.1,10,1524,25,50,even
405,3.0303030303030303,0.1320095921017557,0.1259227595079182,0.0272421559703922,0.0734644984967486,0.0294711814797599,0.0313132484127297,0.0492520035091399,0.1290370915784681,0.0858482114907551,0.0895798582830756,10_sp_aij_15,2905119,0.1,10,1524,25,50,even
406,3.6363636363636367,0.1349889141778831,0.1188840568061752,0.0271077872652322,0.1014489779199159,0.037058466169643,0.048745648173098,0.0431012733360234,0.141205886673621,0.08220305194595,0.075795460998016,10_sp_aij_15,2905119,0.1,10,1524,25,50,even
407,4.242424242424242,0.095818341966206,0.1373442460151964,0.0259167343302031,0.0868476399247068,0.0405067240519568,0.0552715264384724,0.0432610751581547,0.1517544034262441,0.0876290847391882,0.0686723801532066,10_sp_aij_15,2905119,0.1,10,1524,25,50,even
408,4.848484848484849,0.1248216249841227,0.1486930886839924,0.0235611090944179,0.0942504077330997,0.0477069877328703,0.0738226150216008,0.0476671843935639,0.1421773425294402,0.0818858948064971,0.0620499992424852,10_sp_aij_15,2905119,0.1,10,1524,25,50,even
409,5.454545454545455,0.0904467614272662,0.136488431718854,0.0195706309384126,0.1190366749049778,0.0584448446497472,0.0712514334900781,0.0426434625696324,0.1370138497086744,0.0912987326421106,0.0627603866654959,10_sp_aij_15,2905119,0.1,10,1524,25,50,even
410,6.0606060606060606,0.1092714796408933,0.1337715838360933,0.0186072544978996,0.0988055407007173,0.0581090511675386,0.09622664342956,0.0446840658616698,0.1423610125557941,0.1065528188510163,0.0655489663831684,10_sp_aij_15,2905119,0.1,10,1524,25,50,even
411,6.666666666666667,0.1017346131767399,0.1439409230336136,0.0133132294027838,0.1258436791688137,0.057395965965133,0.0888589481270808,0.0644194921125763,0.1216223468202761,0.1376478173687187,0.0565293120926892,10_sp_aij_15,2905119,0.1,10,1524,25,50,even
412,7.272727272727273,0.0949175643028188,0.1454389923224867,0.0135794858853542,0.1196041336124279,0.0757853172677153,0.1004951658620824,0.0945012866966906,0.115994893661182,0.1405854727093219,0.0519544411193336,10_sp_aij_15,2905119,0.1,10,1524,25,50,even
413,7.878787878787879,0.0943067489432219,0.1634585876976247,0.0150836223119871,0.1293292855048164,0.0786776322135127,0.0938873467565803,0.1144548764990001,0.1246307384426528,0.1645617390685578,0.0443851965581341,10_sp_aij_15,2905119,0.1,10,1524,25,50,even
414,8.484848484848484,0.0974914245521427,0.1696306460173422,0.0172871322650616,0.1388022694814308,0.0854343688621098,0.1289563237531227,0.1080030556890731,0.1456810046358518,0.1642839692346671,0.0545084858798648,10_sp_aij_15,2905119,0.1,10,1524,25,50,even
415,9.090909090909092,0.0981797162801815,0.1381248868396613,0.0178182060542918,0.128684470638383,0.1001348830248351,0.160716045066267,0.1159083499100192,0.1444702704489665,0.1432347715472925,0.0582162133413034,10_sp_aij_15,2905119,0.1,10,1524,25,50,even
416,9.696969696969695,0.0860689417827761,0.1393743336246826,0.0162106868819288,0.1433297859467014,0.1043912406783002,0.1618463179498516,0.1083468519494011,0.1611839450303634,0.1554533647713382,0.053752540895356,10_sp_aij_15,2905119,0.1,10,1524,25,50,even
417,10.303030303030305,0.0700258133015595,0.1235465099013374,0.0129722483798124,0.1287951296512244,0.0936645532234933,0.1500315719986607,0.1069801077555666,0.1371919295190417,0.1677286345704415,0.0660911025420609,10_sp_aij_15,2905119,0.1,10,1524,25,50,even
418,10.90909090909091,0.0593702909033011,0.102282641452189,0.0164958373693718,0.1232037656451813,0.1193895295564593,0.1682139012423314,0.1131606277592126,0.1470951689569965,0.1589781948880278,0.0821212052403816,10_sp_aij_15,2905119,0.1,10,1524,25,50,even
419,11.515151515151516,0.0678214604919607,0.097119131257835,0.0197200260588885,0.1391596241742782,0.1050468005386716,0.1644935274525335,0.1230872560301061,0.1547590362330554,0.1801925722874015,0.0870835200590924,10_sp_aij_15,2905119,0.1,10,1524,25,50,even
420,12.12121212121212,0.0754429140520441,0.0918800041380639,0.0164423761880287,0.1011978775934731,0.1113037063546749,0.1723494923140805,0.1359464725650285,0.1896403802371297,0.2227369260490689,0.0961197655916125,10_sp_aij_15,2905119,0.1,10,1524,25,50,even
421,12.727272727272728,0.0692622726861789,0.092505571354165,0.0207949432951984,0.1128911244490206,0.1007107809244298,0.1998697863582955,0.1687059804051974,0.1670244591651397,0.2335856817385419,0.0802120568964481,10_sp_aij_15,2905119,0.1,10,1524,25,50,even
422,13.333333333333334,0.0698405917353099,0.0919649445642648,0.0296658863279315,0.0956021284219509,0.1004542360291768,0.160895024804909,0.1904997959536307,0.1178026505419275,0.186456749736373,0.0791643874845035,10_sp_aij_15,2905119,0.1,10,1524,25,50,even
423,13.93939393939394,0.070678067636964,0.0995411376413796,0.0363462399069405,0.0951417569979538,0.0916480960689511,0.1680976866315154,0.1581464800000667,0.1572794539596193,0.2101007049881912,0.0709211996561882,10_sp_aij_15,2905119,0.1,10,1524,25,50,even
424,14.545454545454549,0.0845701007511871,0.1229252534777472,0.0340839571651581,0.1125155718825051,0.0825093778727697,0.1798986966513254,0.1981326627697814,0.1774400700548066,0.2127361877942628,0.0666453450043414,10_sp_aij_15,2905119,0.1,10,1524,25,50,even
425,15.151515151515152,0.0888749854062537,0.0968174974892214,0.0311814008933942,0.115248762793645,0.0603366455937628,0.2056820978404878,0.2102522647709343,0.1406224815451102,0.1896848760691694,0.0640735878350118,10_sp_aij_15,2905119,0.1,10,1524,25,50,even
426,15.757575757575758,0.0836530482263538,0.1012134667908742,0.0300707202280284,0.0936219590407275,0.0613359780629096,0.1948276853191952,0.2213084291658194,0.1518457760924689,0.2468637398015927,0.0714228993197451,10_sp_aij_15,2905119,0.1,10,1524,25,50,even
427,16.363636363636363,0.0698481683164538,0.1238540811449238,0.0261040603712543,0.0861721367338329,0.0502336042629441,0.1834383865633181,0.2384134171085331,0.163223111666179,0.2772990262545732,0.0713174634865757,10_sp_aij_15,2905119,0.1,10,1524,25,50,even
428,16.96969696969697,0.0580280987424335,0.1365050033230599,0.0283274955003248,0.0884638129270183,0.0537474272621595,0.1456815714528662,0.2656287326603772,0.1668145345978573,0.259552438684947,0.0725713980949118,10_sp_aij_15,2905119,0.1,10,1524,25,50,even
429,17.575757575757578,0.0680997001375842,0.1303946321997597,0.0297190772122745,0.1004836430068592,0.0681094065959954,0.1584418590667213,0.234405205923419,0.1336396517104853,0.2112460855488407,0.0654499679428862,10_sp_aij_15,2905119,0.1,10,1524,25,50,even
430,18.181818181818183,0.0746039520988102,0.1398446782276685,0.0290449496466398,0.1092259023655966,0.04901643793826,0.1708314907229199,0.2266172846445095,0.1213397618274966,0.2301801260321602,0.0575831249108627,10_sp_aij_15,2905119,0.1,10,1524,25,50,even
431,18.78787878787879,0.0546667872086663,0.1318741410349433,0.0279797030425293,0.1037846384808002,0.0382166155172509,0.2031219297587074,0.2201163725631718,0.144635672822261,0.2497396413266397,0.0615744105270169,10_sp_aij_15,2905119,0.1,10,1524,25,50,even
432,19.393939393939394,0.0705186341748617,0.1355135618453063,0.0286844195475749,0.1052819988630325,0.0426835258555374,0.1893427072436951,0.2504597078342047,0.1188348357885447,0.2506638067906151,0.0548003992653984,10_sp_aij_15,2905119,0.1,10,1524,25,50,even
433,20.0,0.0773942944369114,0.1200503776175629,0.0254387279749484,0.0851212172268913,0.0410500836407496,0.1708744823105531,0.2519254412375605,0.1430785355938439,0.230295570654491,0.0536162297170597,10_sp_aij_15,2905119,0.1,10,1524,25,50,even
434,20.60606060606061,0.102268728221056,0.1080229892394832,0.0281644456094669,0.0791811172674058,0.0523574560331643,0.1936237385386733,0.2122027471219391,0.1196117269662077,0.183284915680526,0.0446088798196818,10_sp_aij_15,2905119,0.1,10,1524,25,50,even
435,21.21212121212121,0.1020435964010118,0.1205607680774322,0.0270773313325826,0.0806765222880701,0.0605726701591843,0.2130137954150199,0.2018116176969933,0.1045335527942657,0.1657452879364989,0.0436604214327233,10_sp_aij_15,2905119,0.1,10,1524,25,50,even
436,21.81818181818182,0.1051144064296059,0.1163512581343826,0.0272222544653311,0.0814691583439892,0.0544573661176217,0.1866481016018706,0.2549211454941203,0.0961702489022585,0.1617377740704136,0.0420404707196342,10_sp_aij_15,2905119,0.1,10,1524,25,50,even
437,22.424242424242426,0.1121491477184703,0.1290689990024084,0.0288225048222919,0.1210532809031075,0.0613779052217341,0.1556121044569179,0.1967698473915988,0.0961034014582785,0.1598834349734718,0.0466817690276152,10_sp_aij_15,2905119,0.1,10,1524,25,50,even
438,23.03030303030303,0.0982915156873107,0.1440779525049381,0.0230516905111775,0.1130909698286559,0.0866080512937754,0.1506267617748059,0.1882412261848515,0.0817898489895544,0.1547775886523446,0.0452051325115677,10_sp_aij_15,2905119,0.1,10,1524,25,50,even
439,23.63636363636364,0.091890571169306,0.1382981241197946,0.0208338612928417,0.1255705111344242,0.0887266418563547,0.1618296206413636,0.1382280882842041,0.1125670585257468,0.1637529377522276,0.0425283521552275,10_sp_aij_15,2905119,0.1,10,1524,25,50,even
440,24.24242424242424,0.0881992831756039,0.1345137184913074,0.0215177920876276,0.0938661050440629,0.073632617894782,0.178615772381389,0.1341136137914056,0.1159262313296487,0.1710376747416061,0.0503067848089013,10_sp_aij_15,2905119,0.1,10,1524,25,50,even
441,24.848484848484848,0.1060113824681852,0.1185443817325538,0.0263615030930019,0.1108614137420011,0.0869266574839654,0.1512925903208886,0.1506270976261867,0.1306621426579344,0.1446819892377127,0.0502268667992414,10_sp_aij_15,2905119,0.1,10,1524,25,50,even
442,25.454545454545457,0.0918539198082948,0.0987675894985907,0.0274031369250569,0.1045206206519505,0.1146759776533308,0.1617924399911028,0.1480932961948121,0.1209724288547541,0.1532950424754115,0.039781833408805,10_sp_aij_15,2905119,0.1,10,1524,25,50,even
443,26.060606060606062,0.0871771021178328,0.1098253573460861,0.0248687838454608,0.1164713103032578,0.1218187709940556,0.1657370892160001,0.1669721794476423,0.124086161917547,0.1911936038824002,0.0418086755527763,10_sp_aij_15,2905119,0.1,10,1524,25,50,even
444,26.666666666666668,0.1175670948014486,0.1091908721309693,0.0310896057624014,0.1031231424552026,0.1229595768137551,0.173860521606382,0.1380501038322083,0.1321143507474657,0.2033983987449488,0.0537287006992888,10_sp_aij_15,2905119,0.1,10,1524,25,50,even
445,27.272727272727277,0.0945925584322183,0.1387618829763129,0.0403013671623439,0.12090637413028,0.1192546944767724,0.1736737096497804,0.1314382367831993,0.148009348909107,0.1851194809725966,0.0547904208543538,10_sp_aij_15,2905119,0.1,10,1524,25,50,even
446,27.87878787878788,0.0925891591599381,0.1319387603247634,0.0372013591249052,0.1237213529495481,0.1048484805739662,0.1782962113289161,0.1665517954645565,0.1134979760150508,0.1860572580771739,0.0523777611970421,10_sp_aij_15,2905119,0.1,10,1524,25,50,even
447,28.484848484848484,0.0971586690795982,0.1285343627588266,0.0450905076479818,0.1167806615562803,0.1180434754652289,0.1874452906359647,0.1922913432778078,0.1028572381845626,0.2418488746723707,0.0720373842516494,10_sp_aij_15,2905119,0.1,10,1524,25,50,even
448,29.090909090909093,0.0982176402659138,0.1237673379414955,0.0409864127637576,0.1133788165638553,0.1153171789888269,0.1734091210719269,0.2388066133336895,0.125175764616548,0.2203333870821033,0.0789084094890897,10_sp_aij_15,2905119,0.1,10,1524,25,50,even
449,30.0,0.1014027831593725,0.127032721923535,0.0511567306654354,0.1126774913691906,0.1346351966706997,0.1396363589846493,0.1456059533553321,0.1515012894013038,0.2360127824981687,0.101567548795638,10_sp_aij_15,2905119,0.1,10,1524,25,50,even
450,0.0,0.04,0.03,0.05,0.08,0.06,0.05,0.03,0.07,0.09,0.09,10_sp_aij_15,3049039,0.1,10,1524,25,50,even
451,0.6060606060606061,0.0518749806311244,0.0320838358617862,0.0457881815541149,0.0736026197009243,0.0573903003059758,0.0693293063978778,0.0414162936333704,0.0891224417429667,0.0804223124372111,0.08046924734236,10_sp_aij_15,3049039,0.1,10,1524,25,50,even
452,1.2121212121212122,0.0664063882589559,0.0386091939887329,0.0420735459796583,0.0942259010098791,0.0562723806341313,0.0796195770948561,0.0442764138575968,0.0970055377984398,0.0729011847382866,0.0783550785515624,10_sp_aij_15,3049039,0.1,10,1524,25,50,even
453,1.8181818181818183,0.0714612320809331,0.0437389419716293,0.0374579008913471,0.0913395130079537,0.0618178847400591,0.0771088045575077,0.0422698014820891,0.1334969296336569,0.0717009297341531,0.0985456106612618,10_sp_aij_15,3049039,0.1,10,1524,25,50,even
454,2.4242424242424243,0.0922706011034044,0.040524534608874,0.0336986868226268,0.07673253280984,0.0603458704194899,0.0883041393373426,0.0433276483109787,0.1355428863441956,0.0894427747002129,0.0875599319270574,10_sp_aij_15,3049039,0.1,10,1524,25,50,even
455,3.0303030303030303,0.1046621664639863,0.0487061130180825,0.0335499660866308,0.0916753554701359,0.0656848335461149,0.1094535823491473,0.0488861129552615,0.1521534760086526,0.1079744787268701,0.0874641488935285,10_sp_aij_15,3049039,0.1,10,1524,25,50,even
456,3.6363636363636367,0.1088811674909371,0.0557134934734262,0.0309435724761226,0.1081619831982875,0.0487337240535844,0.09299830024427,0.0708104176356705,0.186454665941394,0.137441993489828,0.0887933728458881,10_sp_aij_15,3049039,0.1,10,1524,25,50,even
457,4.242424242424242,0.1109289840136754,0.0495861354698895,0.0326877307794354,0.1062900591213336,0.048912849591163,0.0943033547207097,0.053093455370828,0.1738485130682514,0.1161502259721215,0.0689832997985918,10_sp_aij_15,3049039,0.1,10,1524,25,50,even
458,4.848484848484849,0.1061481348874367,0.0507664178889372,0.0376695820829172,0.1364014302185921,0.0511320385018046,0.0876202715052237,0.0422977511916947,0.2489710130439642,0.1354877575861339,0.0706431031719478,10_sp_aij_15,3049039,0.1,10,1524,25,50,even
459,5.454545454545455,0.1231893428775934,0.0650524177408869,0.031187619315645,0.1221274962009015,0.060623462796271,0.1024221317253384,0.042042637685537,0.198008630055603,0.1622823699238993,0.0549399867187804,10_sp_aij_15,3049039,0.1,10,1524,25,50,even
460,6.0606060606060606,0.1128303790352023,0.0902136696743199,0.0366455345849248,0.1101662172709664,0.0654980016513005,0.116496414282902,0.0567349760923851,0.1906386135985874,0.1437565933065842,0.0601421065912863,10_sp_aij_15,3049039,0.1,10,1524,25,50,even
461,6.666666666666667,0.1025009604490117,0.1225117992771675,0.038444651677922,0.1035219167443129,0.0691423794201392,0.122738070041661,0.062371977912458,0.188522085970415,0.1202753764437569,0.0494185170595843,10_sp_aij_15,3049039,0.1,10,1524,25,50,even
462,7.272727272727273,0.1033030923488817,0.1323758611680099,0.0328541981027135,0.1178839236884289,0.0750217045488561,0.1348707294728695,0.0826341907576832,0.2122209375879234,0.1149012913727064,0.045142355126569,10_sp_aij_15,3049039,0.1,10,1524,25,50,even
463,7.878787878787879,0.1179366613859577,0.1477690000069404,0.0302375837743004,0.1524271777604511,0.0789463499721654,0.1313138177506242,0.0989136302776943,0.2011547265331366,0.1230182400202038,0.0335215429586352,10_sp_aij_15,3049039,0.1,10,1524,25,50,even
464,8.484848484848484,0.1263523380408069,0.1730860411029569,0.025810647789389,0.167387620169743,0.0820354708218757,0.1460034715996272,0.0971237518072287,0.1787625019092715,0.1335395102397402,0.0491850800084159,10_sp_aij_15,3049039,0.1,10,1524,25,50,even
465,9.090909090909092,0.1161818039751621,0.1504680791955614,0.0225596541833419,0.1697925701382921,0.0997704414063018,0.1342623370687572,0.1019396615620124,0.1643899335577167,0.1426760711422123,0.0678905725522199,10_sp_aij_15,3049039,0.1,10,1524,25,50,even
466,9.696969696969695,0.0939760988647748,0.1554316267774467,0.0198497201326848,0.1789093173118216,0.1013419066841944,0.1262969768394098,0.1344448253906212,0.1783544314612131,0.1708867443535597,0.0645851469985341,10_sp_aij_15,3049039,0.1,10,1524,25,50,even
467,10.303030303030305,0.0775323621109845,0.1541132568505691,0.0221970249868657,0.1751389244543047,0.1031736659403464,0.1242929555725951,0.1376448984110043,0.1733501344640688,0.17747985481869,0.0760591917804191,10_sp_aij_15,3049039,0.1,10,1524,25,50,even
468,10.90909090909091,0.0530323428174165,0.1596666648470214,0.022059838939985,0.1514569931675964,0.1076099223726123,0.1403945031239596,0.1486103959081752,0.1999438524818362,0.1830377278510806,0.0678265696514317,10_sp_aij_15,3049039,0.1,10,1524,25,50,even
469,11.515151515151516,0.054334116031426,0.1720390653646298,0.0241668253584446,0.1568543774148542,0.1144998472015141,0.142937189135921,0.1846847522429917,0.1887862035116958,0.2354226772807953,0.069098526936021,10_sp_aij_15,3049039,0.1,10,1524,25,50,even
470,12.12121212121212,0.0553665614538077,0.1297808281211725,0.0324262390381694,0.1386322410089226,0.0993101071675772,0.1555565103831769,0.2027001648509268,0.189657855815671,0.2069623183327903,0.0800842901373563,10_sp_aij_15,3049039,0.1,10,1524,25,50,even
471,12.727272727272728,0.0611037760075742,0.1378761134873068,0.0303211771462857,0.1652567812513883,0.0842599687407027,0.1775360292638788,0.1714273471994184,0.1837716379994171,0.2165360991297776,0.0539882921568052,10_sp_aij_15,3049039,0.1,10,1524,25,50,even
472,13.333333333333334,0.0729830577069394,0.108930934272281,0.0357540709584596,0.1381309425576439,0.0956948688279952,0.1422724094305601,0.1960959770514269,0.1394878394068836,0.2140031757529015,0.0580165074393627,10_sp_aij_15,3049039,0.1,10,1524,25,50,even
473,13.93939393939394,0.0831380863674587,0.1314629437570376,0.0325457377858988,0.1368074000200313,0.1186394879920088,0.160257741945545,0.22494583850786,0.1199798435914946,0.1602827957602482,0.0541949698299976,10_sp_aij_15,3049039,0.1,10,1524,25,50,even
474,14.545454545454549,0.0742630206617562,0.1437648369576702,0.0257639848294134,0.0965365550000164,0.1010570056639035,0.2085329883374511,0.1672293237239521,0.1060712567536439,0.1652818904273124,0.0586913220180759,10_sp_aij_15,3049039,0.1,10,1524,25,50,even
475,15.151515151515152,0.0889824842174935,0.1269004817483408,0.0290755377642068,0.1108248533607525,0.1094041505466296,0.1685661593857252,0.1815682781684691,0.1446234333182533,0.2057833643347763,0.0650341511320696,10_sp_aij_15,3049039,0.1,10,1524,25,50,even
476,15.757575757575758,0.0986169185217897,0.1422980159960578,0.0343030115071481,0.082795610829058,0.1087377145884549,0.2090720791303237,0.1919182082669116,0.1287049269482719,0.2141781748308935,0.049113344174044,10_sp_aij_15,3049039,0.1,10,1524,25,50,even
477,16.363636363636363,0.1016617148887556,0.151245912206848,0.0351669788236845,0.0800159309347474,0.0885127914406011,0.1926316513655189,0.188202102492703,0.0972165664876833,0.2366324884034874,0.0573073049084194,10_sp_aij_15,3049039,0.1,10,1524,25,50,even
478,16.96969696969697,0.1084276761282825,0.1393438825727924,0.0344441379282498,0.0844083383838491,0.0749507773404772,0.1666200177751557,0.175246815711615,0.0879595881600124,0.1453492674486067,0.0654110769724206,10_sp_aij_15,3049039,0.1,10,1524,25,50,even
479,17.575757575757578,0.1545339687548627,0.1311822234870847,0.0364458567768468,0.0784764726156164,0.087213789278574,0.1280497099368595,0.1469482065790888,0.1389113946753614,0.1637316464625788,0.0670944275019275,10_sp_aij_15,3049039,0.1,10,1524,25,50,even
480,18.181818181818183,0.1027622586267465,0.1185873250035089,0.0392077715540927,0.0803021815809458,0.0744402298938238,0.1339103247458583,0.1483285810386937,0.1159895914482211,0.1979608007163419,0.0772696659207718,10_sp_aij_15,3049039,0.1,10,1524,25,50,even
481,18.78787878787879,0.1198185552364795,0.1339989213750679,0.0408674668322907,0.1057878423721407,0.0877010043780059,0.1617030234848286,0.1602498209569631,0.1004942652345079,0.1733822647818602,0.0951624130122153,10_sp_aij_15,3049039,0.1,10,1524,25,50,even
482,19.393939393939394,0.135945438578297,0.1104667470008163,0.0356686890264887,0.0865047052316857,0.0965203627053224,0.1602855017630383,0.1353698683120721,0.0805082326988348,0.1967961698485117,0.0914795152745297,10_sp_aij_15,3049039,0.1,10,1524,25,50,even
483,20.0,0.1266647067136287,0.1085378575054514,0.0430171529872509,0.0825781387114878,0.0678139205005754,0.1628599472335509,0.1388919175299008,0.0893517490787094,0.1512743686289222,0.0647161639242662,10_sp_aij_15,3049039,0.1,10,1524,25,50,even
484,20.60606060606061,0.1194402960063488,0.1176662435515215,0.0362573007721894,0.0889771293104387,0.0855248461249595,0.2054796229372188,0.1466409849903109,0.103381865830528,0.1430101079468573,0.0671069163690822,10_sp_aij_15,3049039,0.1,10,1524,25,50,even
485,21.21212121212121,0.1236891892827951,0.1086949974519454,0.0329486855626902,0.1138319543592604,0.0985243552298473,0.1876775660590408,0.1506444502800261,0.141478570972891,0.1519854444582891,0.072857751388617,10_sp_aij_15,3049039,0.1,10,1524,25,50,even
486,21.81818181818182,0.1531294136719843,0.127033137319256,0.0380001711876527,0.125949641980704,0.1000681466534244,0.1465352333265071,0.153824380653981,0.1360455451765332,0.1494462800870557,0.0776572744026181,10_sp_aij_15,3049039,0.1,10,1524,25,50,even
487,22.424242424242426,0.1357276237795616,0.1025083906986058,0.0328543343016592,0.1390721213262045,0.0982951692417194,0.1442169979068097,0.186480447477867,0.1555516809862576,0.1469677155015744,0.0741592382970022,10_sp_aij_15,3049039,0.1,10,1524,25,50,even
488,23.03030303030303,0.1156688465800368,0.1428340803032385,0.0278905041318538,0.1468468011385748,0.0885353825919755,0.1649777051800256,0.184792828639404,0.1480461023643081,0.1596067400647554,0.0572052161840281,10_sp_aij_15,3049039,0.1,10,1524,25,50,even
489,23.63636363636364,0.1262310444149154,0.1409361770669557,0.0203396517282548,0.1764534167651416,0.089812454921616,0.1544752396331507,0.1815538334638456,0.1237267894250553,0.1932415442218576,0.070109768867597,10_sp_aij_15,3049039,0.1,10,1524,25,50,even
490,24.24242424242424,0.1305224998393656,0.1244967175979615,0.0231929266280291,0.1431265530935165,0.0853286624163614,0.1797968001452406,0.1414267672960648,0.1085551808498731,0.1317080803787996,0.065897645834451,10_sp_aij_15,3049039,0.1,10,1524,25,50,even
491,24.848484848484848,0.1594826290040643,0.1181678869409461,0.0212180626389181,0.1066765930660813,0.1049938814729689,0.1736152988487976,0.1798702625449966,0.1172465917089264,0.1399154366191308,0.0686100442365257,10_sp_aij_15,3049039,0.1,10,1524,25,50,even
492,25.454545454545457,0.1394629661789492,0.1265117512564641,0.0205443114052324,0.1162629347036284,0.1045642225873481,0.2018721471651379,0.2134904679829675,0.1169794008993385,0.1753984100906827,0.0613314017963839,10_sp_aij_15,3049039,0.1,10,1524,25,50,even
493,26.060606060606062,0.1322454278378912,0.1247936713801266,0.0241731084989521,0.1179889861178048,0.1014054369626884,0.194901077437319,0.2713063037660346,0.1521756373822041,0.1691800147332244,0.0547809912503451,10_sp_aij_15,3049039,0.1,10,1524,25,50,even
494,26.666666666666668,0.1456838212684479,0.1311738054124476,0.0294724612889012,0.0998206873849376,0.0979918107291315,0.2241075295346951,0.2532828770977497,0.1464617228890925,0.1892579007995893,0.0456287114712497,10_sp_aij_15,3049039,0.1,10,1524,25,50,even
495,27.272727272727277,0.1445320461283308,0.1274289902332219,0.0312287969155018,0.1083137994395143,0.0937475402218677,0.2344605996266499,0.2310908821764745,0.1290037455746742,0.2043565343393747,0.0416398686608922,10_sp_aij_15,3049039,0.1,10,1524,25,50,even
496,27.87878787878788,0.1906939504812477,0.115737051050954,0.0258210143586063,0.1171038573665795,0.1007560082743007,0.179915204666072,0.2265926424014952,0.1002233730664814,0.201254337058735,0.033950199385674,10_sp_aij_15,3049039,0.1,10,1524,25,50,even
497,28.484848484848484,0.1743677639599986,0.1036453093611675,0.0222366134520718,0.1473880144340586,0.090835136329229,0.1778857988114242,0.220423105923994,0.122485446124453,0.2024806933668578,0.0446522610404481,10_sp_aij_15,3049039,0.1,10,1524,25,50,even
498,29.090909090909093,0.1771581618252576,0.1141094495691885,0.0228470284599058,0.1314976979930585,0.092097646944488,0.1410869370250096,0.2207480681653598,0.1149926428183027,0.1962871804505881,0.0427192403789134,10_sp_aij_15,3049039,0.1,10,1524,25,50,even
499,30.0,0.1230491051331487,0.1191498539782675,0.021504023700147,0.0987119474899875,0.1099588738803242,0.1194307978087231,0.2397585736588236,0.1309157942085454,0.1793390745553264,0.0334429065340587,10_sp_aij_15,3049039,0.1,10,1524,25,50,even
500,0.0,0.04,0.06,0.03,0.03,0.08,0.08,0.01,0.01,0.09,0.03,10_sp_aij_15,4211685,0.1,10,1524,25,50,even
501,0.6060606060606061,0.0355046593038255,0.0552202722257195,0.0277379102228089,0.0359941790020792,0.0834794873477305,0.0814036365337719,0.0127058653661314,0.0111667189892295,0.1002622316750269,0.0414956421295492,10_sp_aij_15,4211685,0.1,10,1524,25,50,even
502,1.2121212121212122,0.0413230668688738,0.0598865136450012,0.0309816359712409,0.0333659784504789,0.0603511145968014,0.0786889914721285,0.0169616903865809,0.0136310677862103,0.1032409604517923,0.0414159285747706,10_sp_aij_15,4211685,0.1,10,1524,25,50,even
503,1.8181818181818183,0.0635991727273674,0.0614010732072877,0.0274947570704902,0.0304538428764489,0.0615681963963103,0.0933204339695245,0.0268610960748376,0.017238091806728,0.0892676917099841,0.0464996327263916,10_sp_aij_15,4211685,0.1,10,1524,25,50,even
504,2.4242424242424243,0.0976166261004328,0.0568133958069187,0.0245209765641806,0.0345628622111527,0.0708638876625537,0.0723576079769187,0.0309179929485802,0.0254706132376615,0.1000831852404549,0.0469394110715743,10_sp_aij_15,4211685,0.1,10,1524,25,50,even
505,3.0303030303030303,0.0985535212242618,0.0564201667969746,0.0181667267884425,0.0286722240717552,0.0784639326811024,0.0717038867661133,0.0314498109315807,0.0307280992504662,0.1042021388367783,0.053676941073412,10_sp_aij_15,4211685,0.1,10,1524,25,50,even
506,3.6363636363636367,0.1131626980531367,0.0483671232753863,0.0181399114267209,0.0302594291391594,0.0764867988310178,0.0760330478121715,0.0405506519466259,0.0386066979092089,0.1136418205969552,0.0604475058488151,10_sp_aij_15,4211685,0.1,10,1524,25,50,even
507,4.242424242424242,0.1509954486104319,0.0498660520455826,0.0215123707574705,0.0397634732818719,0.0650307360883681,0.0797313312529802,0.0502896103737394,0.0325171164381257,0.114634037894751,0.0663635996532799,10_sp_aij_15,4211685,0.1,10,1524,25,50,even
508,4.848484848484849,0.1617954458262347,0.0555312960948356,0.0231765824490459,0.0417936192983244,0.0876434120942114,0.0598349000659994,0.048832011482553,0.0468084508477645,0.1303004086275564,0.0493018673883287,10_sp_aij_15,4211685,0.1,10,1524,25,50,even
509,5.454545454545455,0.1576712979287487,0.0643038921480986,0.0167028958511157,0.0606679644686685,0.0894496636678547,0.0724510824763136,0.058285907838939,0.0874162454017785,0.1194575357633515,0.0378391191528481,10_sp_aij_15,4211685,0.1,10,1524,25,50,even
510,6.0606060606060606,0.1539984411019415,0.0750003287786217,0.0163142339061265,0.0666227011290811,0.0955785242102577,0.0786551619127837,0.0644271516973889,0.1053528234697951,0.1232179422622905,0.043634889238246,10_sp_aij_15,4211685,0.1,10,1524,25,50,even
511,6.666666666666667,0.1418889953968557,0.0710047666736331,0.015596536317527,0.0673696118195598,0.1037232059659412,0.0906829948266259,0.0761529846680097,0.1078510634870389,0.1287725463886626,0.0452571336358607,10_sp_aij_15,4211685,0.1,10,1524,25,50,even
512,7.272727272727273,0.1265376882951815,0.0743705247932127,0.0149667826985447,0.0614783281900459,0.1052286959036983,0.0837559528919611,0.0737958404114404,0.1070138250960594,0.1257637027440007,0.0556219458020545,10_sp_aij_15,4211685,0.1,10,1524,25,50,even
513,7.878787878787879,0.1477212301922398,0.0671757247801071,0.0141469046417618,0.0697108776293111,0.1124137340474511,0.0718420762795792,0.0751681669460633,0.1244970439467083,0.1480761307019141,0.0507604397606542,10_sp_aij_15,4211685,0.1,10,1524,25,50,even
514,8.484848484848484,0.1425426563932162,0.0737245528078015,0.015988535306212,0.0620457563577151,0.0989954979192571,0.0856309262211508,0.0689327779045046,0.0970835803358334,0.1644997277412417,0.0525443230689565,10_sp_aij_15,4211685,0.1,10,1524,25,50,even
515,9.090909090909092,0.1166384525889509,0.0793103597667897,0.0142613797410181,0.0650703254811052,0.1055050479698584,0.1071618247216818,0.1004349949912087,0.1110155785943247,0.1674373232640116,0.0515867297747095,10_sp_aij_15,4211685,0.1,10,1524,25,50,even
516,9.696969696969695,0.1161579662431176,0.0914219022625057,0.0193227901231239,0.0689977125014104,0.0957328984260309,0.0966614750640641,0.1153389983554804,0.1062796131800079,0.1932938149038897,0.0533684411940441,10_sp_aij_15,4211685,0.1,10,1524,25,50,even
517,10.303030303030305,0.1171693556143706,0.0890494470747833,0.020145004724775,0.0819075214425461,0.1182576890592429,0.0936644238011068,0.1216864846406343,0.108601887201549,0.1754834667313321,0.055471650508382,10_sp_aij_15,4211685,0.1,10,1524,25,50,even
518,10.90909090909091,0.1291722177816966,0.0869073652702585,0.023411587307255,0.0818560175907922,0.1089448384400786,0.0965950323528961,0.1013676777033307,0.1166765612086043,0.1714716072515134,0.0560762584798,10_sp_aij_15,4211685,0.1,10,1524,25,50,even
519,11.515151515151516,0.1174325435068301,0.0847871530079843,0.022994651075298,0.0958494167242027,0.1061761908818997,0.1043731822666279,0.0960568973466996,0.1179569005253435,0.1813865109707956,0.072949129549474,10_sp_aij_15,4211685,0.1,10,1524,25,50,even
520,12.12121212121212,0.1063297129686737,0.0978481121257311,0.0292035390231215,0.0937819851584617,0.108394316855214,0.0946133255840194,0.0855879108506941,0.1103214408189097,0.1703090182731868,0.0988982514423345,10_sp_aij_15,4211685,0.1,10,1524,25,50,even
521,12.727272727272728,0.1402992050251373,0.0868701668334574,0.0315331864784041,0.092811944027345,0.1101335980158045,0.0986105179351228,0.0772416414604587,0.1066505700797165,0.1398066060031016,0.1124377149393428,10_sp_aij_15,4211685,0.1,10,1524,25,50,even
522,13.333333333333334,0.1247282883815402,0.0760244639545442,0.0288384858775993,0.0961058235512169,0.1363061369599423,0.0941137831686427,0.0911901114138295,0.121433392559016,0.1493595975835287,0.1066309350083285,10_sp_aij_15,4211685,0.1,10,1524,25,50,even
523,13.93939393939394,0.0966069549432175,0.0711376359832674,0.0327965545934655,0.0969085093681168,0.1172116004795456,0.1074629494678675,0.0940094991715522,0.1111773438792239,0.1488263831994884,0.1136162320301908,10_sp_aij_15,4211685,0.1,10,1524,25,50,even
524,14.545454545454549,0.0928134551386744,0.0789920597810849,0.0386195391429017,0.0917369079469856,0.1089564387041703,0.0996365779392858,0.0945365777349564,0.0922847670422739,0.1711322867191515,0.1090479858905962,10_sp_aij_15,4211685,0.1,10,1524,25,50,even
525,15.151515151515152,0.0926962957403287,0.0675575066495572,0.0449578999393709,0.0926784328901493,0.1228087106475598,0.092174812755402,0.1082150877958967,0.0989428012710305,0.1680860267853575,0.1089221479854427,10_sp_aij_15,4211685,0.1,10,1524,25,50,even
526,15.757575757575758,0.1085911231937372,0.0686203293058303,0.0507107753531316,0.0982396136618933,0.1346587631084066,0.0886705285059127,0.1583644053696239,0.1027738769526017,0.1773481533201344,0.1086466798124152,10_sp_aij_15,4211685,0.1,10,1524,25,50,even
527,16.363636363636363,0.1191533968713236,0.0720732479398142,0.0509139946544783,0.100865943519372,0.1066367527534794,0.088383470637224,0.1329992802178599,0.1460400470980507,0.1704797865420869,0.1011896968944988,10_sp_aij_15,4211685,0.1,10,1524,25,50,even
528,16.96969696969697,0.0911316665444132,0.0665278968642896,0.0706654394378743,0.0793421503502326,0.0937144068247317,0.0877555771783935,0.1527259641118926,0.1535386793381089,0.1438586899970009,0.093999578180251,10_sp_aij_15,4211685,0.1,10,1524,25,50,even
529,17.575757575757578,0.0926228837605114,0.0664544209831361,0.0913540904311136,0.0781988384818749,0.0868148991009533,0.1047212809232887,0.151482600531903,0.1460234377281331,0.1334927457149888,0.0885958017562785,10_sp_aij_15,4211685,0.1,10,1524,25,50,even
530,18.181818181818183,0.1228950100169943,0.0679133531742568,0.0941909611114764,0.0859592049518945,0.089621905266567,0.1049424707483562,0.1530801918200978,0.1543310675102197,0.1544878690971569,0.086951131380698,10_sp_aij_15,4211685,0.1,10,1524,25,50,even
531,18.78787878787879,0.1053214629144341,0.0767506017518426,0.0903815556657976,0.0831332764667287,0.0716844264058659,0.0864589336291559,0.1838663451977145,0.1479200693689537,0.1684524656379146,0.0771790826210069,10_sp_aij_15,4211685,0.1,10,1524,25,50,even
532,19.393939393939394,0.1251106628715272,0.0941875199520133,0.0767882767595677,0.0757469153790725,0.0755701144392735,0.0881395691407599,0.1471694496066271,0.1499565430345528,0.1771504356389968,0.0587830771016429,10_sp_aij_15,4211685,0.1,10,1524,25,50,even
533,20.0,0.1252281718786245,0.1013436633110086,0.0813592701155302,0.075841259691547,0.0788124587234778,0.0873215031193351,0.1413285664303544,0.1166939131996355,0.1733339976307122,0.0457533218182463,10_sp_aij_15,4211685,0.1,10,1524,25,50,even
534,20.60606060606061,0.1149757805082285,0.1213795010502619,0.0619238183895593,0.0672821238053255,0.071790003183768,0.0845095109224705,0.1460595188142817,0.1158157116375219,0.134894402374229,0.040704029603546,10_sp_aij_15,4211685,0.1,10,1524,25,50,even
535,21.21212121212121,0.1251873960198618,0.0906488623839147,0.0558828583364697,0.0686237686695021,0.0749954864041355,0.112335981136875,0.1589299458695663,0.1438425435807439,0.1255053901652731,0.0441266753271411,10_sp_aij_15,4211685,0.1,10,1524,25,50,even
536,21.81818181818182,0.1170492170410945,0.1071157784031939,0.0513159640724899,0.0819754644120845,0.0994146303847764,0.1425958074879101,0.1563591732007519,0.1464838257243151,0.1427383957498447,0.0425365026041348,10_sp_aij_15,4211685,0.1,10,1524,25,50,even
537,22.424242424242426,0.142955858788808,0.0887085923217728,0.0418420503407669,0.0868784531555488,0.0788558470587971,0.1013424883715699,0.1395166755063452,0.1592341530878709,0.1164327220134136,0.0443623169790557,10_sp_aij_15,4211685,0.1,10,1524,25,50,even
538,23.03030303030303,0.1275610288837943,0.1034159967074157,0.0358748473897633,0.093424857245432,0.0764728004482438,0.1080630293292602,0.1200107270510965,0.1481134325891169,0.131186523323239,0.0422482442828976,10_sp_aij_15,4211685,0.1,10,1524,25,50,even
539,23.63636363636364,0.116782924362652,0.1087510692539254,0.0242500880449559,0.1342954153718071,0.0824182647118007,0.139583789545279,0.1228655034175376,0.12210672319166,0.161983777515322,0.0367324434218014,10_sp_aij_15,4211685,0.1,10,1524,25,50,even
540,24.24242424242424,0.1514023258007629,0.1121951137858538,0.0196289045093592,0.1254118012997242,0.0800499717884355,0.1373555952738315,0.1679426486019463,0.1008002415821908,0.1919609205522197,0.0312666432933966,10_sp_aij_15,4211685,0.1,10,1524,25,50,even
541,24.848484848484848,0.1627608770701786,0.1051590676288974,0.0164487852392806,0.1424799774442869,0.0752899463491537,0.1467812168100598,0.1899866774454529,0.091367830018356,0.1932825869395331,0.0329877241517102,10_sp_aij_15,4211685,0.1,10,1524,25,50,even
542,25.454545454545457,0.1268693786498823,0.1025606223184695,0.0175315428948522,0.1503582377314448,0.0843440362170429,0.1636206895516408,0.1960980677307766,0.107308156258196,0.2100166364618106,0.0425374981456663,10_sp_aij_15,4211685,0.1,10,1524,25,50,even
543,26.060606060606062,0.1225775922286585,0.1069828001336887,0.0155972277081646,0.1094451249845443,0.0759627605381638,0.1661401255521037,0.205930415726777,0.0981221195366296,0.1959539230578395,0.0464247295283032,10_sp_aij_15,4211685,0.1,10,1524,25,50,even
544,26.666666666666668,0.0998042927101923,0.1304377638466102,0.0177771195543958,0.0985830870997044,0.0731562762154556,0.2097153369232784,0.25447985713101,0.1155739637862976,0.1579074110721865,0.048249471736145,10_sp_aij_15,4211685,0.1,10,1524,25,50,even
545,27.272727272727277,0.1226470345216332,0.1143616888885411,0.0164422218822146,0.0901679488163181,0.0689284882159569,0.2044647657881459,0.274056679229384,0.1062940141059703,0.173558900547183,0.0472044809058568,10_sp_aij_15,4211685,0.1,10,1524,25,50,even
546,27.87878787878788,0.0967287103996928,0.1182559427091728,0.0148196655300672,0.1107176577038331,0.0768774413498395,0.1985840429907041,0.2875638644267468,0.0939324091285891,0.2172223728554692,0.0611419775978238,10_sp_aij_15,4211685,0.1,10,1524,25,50,even
547,28.484848484848484,0.1006091139905154,0.134138922749381,0.0124336273480366,0.1273499813229238,0.0800462746871781,0.1927030593427772,0.2434247192396494,0.1035910168769527,0.1830676873127772,0.0607623953653292,10_sp_aij_15,4211685,0.1,10,1524,25,50,even
548,29.090909090909093,0.07815953594468,0.1268141442370035,0.0097988655215465,0.1343477152294143,0.069634015561275,0.2033809224012487,0.1808456637361769,0.0885502867402657,0.1984202203089698,0.0683371797254147,10_sp_aij_15,4211685,0.1,10,1524,25,50,even
549,30.0,0.08896585077799,0.1440001624346476,0.0103102995674758,0.1414187997649035,0.0580204322992294,0.2111272231809181,0.2357525785703663,0.1150149271916557,0.2452576369742921,0.0670215298700134,10_sp_aij_15,4211685,0.1,10,1524,25,50,even
550,0.0,0.08,0.01,0.05,0.03,0.08,0.01,0.01,0.02,0.01,0.02,10_sp_aij_15,4240255,0.1,10,1524,25,50,even
551,0.6060606060606061,0.1089621853826813,0.0092427656738291,0.0421532547978225,0.0393679214026137,0.0851433580755909,0.0105304235585646,0.0099340437778303,0.0222041227805782,0.0102747958694174,0.0223597272267158,10_sp_aij_15,4240255,0.1,10,1524,25,50,even
552,1.2121212121212122,0.1257083451636287,0.0091438717470762,0.0400318531823452,0.0378467774507482,0.0733139252560881,0.0139245556250427,0.0132355990497621,0.0326250773470143,0.0125945249275042,0.0309329732719881,10_sp_aij_15,4240255,0.1,10,1524,25,50,even
553,1.8181818181818183,0.1420305873720419,0.0105889119326237,0.0384721872587837,0.0380339725010141,0.0787835717891202,0.0179296834572986,0.0128313690947123,0.0493323725289743,0.0105130100341818,0.0398258743109486,10_sp_aij_15,4240255,0.1,10,1524,25,50,even
554,2.4242424242424243,0.1534519730023592,0.0115956665137729,0.0384698487853706,0.028693035881776,0.0814605416447622,0.021583326350397,0.0141963343630061,0.0624271814280421,0.009843697447123,0.0459814875839642,10_sp_aij_15,4240255,0.1,10,1524,25,50,even
555,3.0303030303030303,0.1746883066391102,0.0129569539685604,0.0287319722593689,0.0347598090532052,0.0576845486150841,0.023985891286341,0.0178849461388656,0.0713262921998415,0.0111794410106386,0.0574143820926768,10_sp_aij_15,4240255,0.1,10,1524,25,50,even
556,3.6363636363636367,0.1795142678138195,0.0140511712311512,0.0229737647414236,0.0391228811857563,0.0611275024539685,0.0191100462716168,0.0210384207971453,0.0917411297160258,0.0137150772402984,0.0642872552104223,10_sp_aij_15,4240255,0.1,10,1524,25,50,even
557,4.242424242424242,0.1330548683786521,0.0195092899119281,0.0242257971715179,0.0359020745520766,0.0730429428215703,0.0223973801973871,0.0243821698961527,0.1260280348889894,0.019079984184934,0.051366361046199,10_sp_aij_15,4240255,0.1,10,1524,25,50,even
558,4.848484848484849,0.1759259383098407,0.0259396545259227,0.0222238857079167,0.0400498089380282,0.0688785466799681,0.0209831702138841,0.0259493595828885,0.1226612991560231,0.0225699766194676,0.0445450526384863,10_sp_aij_15,4240255,0.1,10,1524,25,50,even
559,5.454545454545455,0.1599570493458847,0.0302621118677758,0.0223391321164428,0.0545053831432158,0.0669999488626474,0.0295150075856923,0.0211779109019351,0.1350534697473354,0.0287116231623062,0.0441899917513761,10_sp_aij_15,4240255,0.1,10,1524,25,50,even
560,6.0606060606060606,0.1582146723496163,0.0390582973911479,0.0225564125091668,0.0687634243287355,0.0670848989233284,0.030116827125616,0.0241833651122153,0.1258762051219707,0.0361399009206955,0.0460718011696863,10_sp_aij_15,4240255,0.1,10,1524,25,50,even
561,6.666666666666667,0.1567797840315438,0.0527136656327232,0.0204015458857819,0.0775601143243294,0.0651520893137294,0.043137775868452,0.0301851660141595,0.1065524871230479,0.0330874705676639,0.0450131975176761,10_sp_aij_15,4240255,0.1,10,1524,25,50,even
562,7.272727272727273,0.1439826959690595,0.084388497354895,0.0176285655421727,0.0909785149515356,0.0547752695580014,0.0470325697126844,0.0301837674498626,0.1329912773425514,0.0313274257551423,0.060351612272534,10_sp_aij_15,4240255,0.1,10,1524,25,50,even
563,7.878787878787879,0.1616407937185264,0.0943374491749653,0.0153233246370611,0.0906677596118887,0.0604809759926949,0.0528156449837147,0.0337067183380075,0.1200610296519477,0.0416714429695022,0.0621311504698839,10_sp_aij_15,4240255,0.1,10,1524,25,50,even
564,8.484848484848484,0.1380374632006193,0.1049135664907301,0.0130072245905951,0.0925362653275681,0.0608551086828086,0.0515091101621721,0.0288891639971578,0.1633218296609195,0.0608702597169542,0.0767650822609744,10_sp_aij_15,4240255,0.1,10,1524,25,50,even
565,9.090909090909092,0.1312025031486751,0.1234918065290752,0.0112752369951619,0.1002611824005222,0.0607744676726338,0.0654616586232445,0.0421437727568674,0.1720570468331452,0.0728199508588385,0.082145364448811,10_sp_aij_15,4240255,0.1,10,1524,25,50,even
566,9.696969696969695,0.1189551433526419,0.1395693167488217,0.0099019895233191,0.1209987849406875,0.0751430081684064,0.0765878133096242,0.0516100185486892,0.1953495637183444,0.0790770426203206,0.0807387713516574,10_sp_aij_15,4240255,0.1,10,1524,25,50,even
567,10.303030303030305,0.0999028241784529,0.1057952236367008,0.008370403773691,0.1144111666967402,0.0816475668121992,0.088943940276108,0.0485216263070443,0.1461148733768094,0.0836372539752629,0.0718058286367564,10_sp_aij_15,4240255,0.1,10,1524,25,50,even
568,10.90909090909091,0.0941440283145154,0.0894848685001129,0.0090049262831343,0.1499499029151321,0.0852097676192004,0.1065558756012559,0.0534238143672562,0.1598461876912234,0.0985622949895559,0.0781603135866625,10_sp_aij_15,4240255,0.1,10,1524,25,50,even
569,11.515151515151516,0.0922030018728702,0.0843790258005453,0.0113984306749605,0.1387207057914843,0.0976892127006027,0.1222367019043977,0.0516180869812481,0.2101719270506151,0.1168562060377442,0.0576217812720583,10_sp_aij_15,4240255,0.1,10,1524,25,50,even
570,12.12121212121212,0.1023295814457726,0.081786010002797,0.0155328798650524,0.1589875729443208,0.0679457804489542,0.11809900658905,0.0564243952601661,0.2795579394491013,0.1310930077298522,0.0464214826167886,10_sp_aij_15,4240255,0.1,10,1524,25,50,even
571,12.727272727272728,0.0806608023620862,0.0909504380533864,0.0164119132988166,0.1371327957447008,0.0635275916494587,0.1370729875207415,0.066268272031882,0.2484066967982412,0.152322805800362,0.0482104429528053,10_sp_aij_15,4240255,0.1,10,1524,25,50,even
572,13.333333333333334,0.0541838966782376,0.0934848220721634,0.0161170072639409,0.127598182561417,0.0643658678627865,0.1337444414535883,0.0879041647029329,0.3082534862446006,0.1879333147834037,0.0615396911738289,10_sp_aij_15,4240255,0.1,10,1524,25,50,even
573,13.93939393939394,0.0416040164040734,0.1140525191911824,0.0157494405525305,0.1347164264647469,0.0513590678338121,0.1356823267879418,0.1076932378136139,0.2276531615193011,0.2079085409662051,0.0543190379160834,10_sp_aij_15,4240255,0.1,10,1524,25,50,even
574,14.545454545454549,0.0495057519921964,0.1473513930190517,0.0134888927699836,0.1121192144713965,0.0621174720930999,0.1835240501665045,0.1172703148227854,0.1735966137554359,0.1771442749143111,0.0519655404115815,10_sp_aij_15,4240255,0.1,10,1524,25,50,even
575,15.151515151515152,0.0624474878742711,0.1337832845099151,0.0123127563777583,0.0877018986433618,0.0572431260431658,0.1745295045645931,0.1415978757931373,0.1320067624158329,0.1546419155405998,0.0622483014517168,10_sp_aij_15,4240255,0.1,10,1524,25,50,even
576,15.757575757575758,0.0972192048347425,0.1104207343807143,0.0145887590627422,0.0836102162407002,0.0630580457352691,0.1356141769337566,0.1269496376133332,0.1295877201544774,0.1879264537727291,0.0705667736154909,10_sp_aij_15,4240255,0.1,10,1524,25,50,even
577,16.363636363636363,0.1052762136112889,0.1155457850713446,0.0115904946863441,0.0892824405525189,0.0640739423822499,0.1377361331289712,0.1240018051906838,0.1055359403247976,0.2285238543901533,0.0695550419088504,10_sp_aij_15,4240255,0.1,10,1524,25,50,even
578,16.96969696969697,0.1328800100671089,0.0993583259921487,0.0123235479192349,0.0891486849572897,0.0586356758208126,0.1310393817330558,0.1422905808346963,0.1275522937878433,0.2295214442725852,0.0862611476409693,10_sp_aij_15,4240255,0.1,10,1524,25,50,even
579,17.575757575757578,0.123057490409914,0.0862976024689778,0.0109753722155588,0.0932044729468691,0.0539265516082857,0.1270266915284569,0.1409892918734058,0.1227879376248982,0.2474292670889447,0.0781043246975257,10_sp_aij_15,4240255,0.1,10,1524,25,50,even
580,18.181818181818183,0.1037940179339256,0.0953012757098001,0.0115467457647097,0.0767566447054052,0.0662412282041097,0.1493770277137965,0.1628204657898997,0.1507109482195603,0.1970108273682212,0.0840115791466764,10_sp_aij_15,4240255,0.1,10,1524,25,50,even
581,18.78787878787879,0.1181197866548857,0.0795603496928273,0.0102038737173079,0.0812376750944315,0.073839474488162,0.1783765844369291,0.1467347815186429,0.160910439495095,0.1704939048554776,0.081632704859445,10_sp_aij_15,4240255,0.1,10,1524,25,50,even
582,19.393939393939394,0.140949897833285,0.0846305145525942,0.0110705381667424,0.0862871072926768,0.0712930346103413,0.1641916213755634,0.1483480151611496,0.1651675249926382,0.1428113374596839,0.0694026658483332,10_sp_aij_15,4240255,0.1,10,1524,25,50,even
583,20.0,0.1309655940486149,0.0894242301966656,0.0115079212568903,0.0844153875102727,0.0887391482754501,0.1709438859136189,0.1385561728468112,0.1368607551305095,0.1663563924307014,0.076602724326192,10_sp_aij_15,4240255,0.1,10,1524,25,50,even
584,20.60606060606061,0.1351497779455058,0.0861054608275263,0.0127070855602722,0.0924585219056638,0.0955895035078025,0.1610112323803447,0.1419631468882778,0.1551794302315329,0.1281789746891476,0.0817675712598011,10_sp_aij_15,4240255,0.1,10,1524,25,50,even
585,21.21212121212121,0.1134802600021885,0.0629651095579646,0.0119635877859153,0.1132932765890893,0.1126565796049758,0.1735067949424689,0.147362876132358,0.129056286041453,0.1481702290526797,0.0734682043366527,10_sp_aij_15,4240255,0.1,10,1524,25,50,even
586,21.81818181818182,0.1107750627957824,0.0521110623408385,0.0115987995654388,0.114377435501026,0.1190979474321989,0.2025610345107854,0.1363868966192022,0.1211111667127418,0.1894959805819013,0.0705866325596016,10_sp_aij_15,4240255,0.1,10,1524,25,50,even
587,22.424242424242426,0.0987687340301269,0.0656022382757216,0.01450546131384,0.11693080583388,0.1191595991049636,0.1578373809192575,0.1373089639650797,0.1496622552727267,0.2049296165199811,0.0614264892497876,10_sp_aij_15,4240255,0.1,10,1524,25,50,even
588,23.03030303030303,0.0914688575576943,0.0720501045727038,0.0181892392471666,0.0986149068842808,0.0905630032492178,0.1570612613662691,0.1584751033546699,0.1583114017942433,0.1689456050650027,0.0526601909023718,10_sp_aij_15,4240255,0.1,10,1524,25,50,even
589,23.63636363636364,0.0754298875769578,0.0761672204399125,0.0151164453083473,0.0991510181094534,0.0920300196025813,0.1420353348151129,0.1442189848277829,0.1222331535491838,0.2047871600218705,0.0451879021027394,10_sp_aij_15,4240255,0.1,10,1524,25,50,even
590,24.24242424242424,0.0754597342752632,0.0834585036899902,0.0149776993110792,0.1031539090148805,0.0818374042193577,0.1261170100420564,0.1517385793169791,0.1298269405619869,0.2377562639384828,0.0484418792508333,10_sp_aij_15,4240255,0.1,10,1524,25,50,even
591,24.848484848484848,0.0715567904737775,0.0974302763454768,0.0188291080863263,0.1058978495043597,0.0846803609039777,0.1471983313163469,0.1576469629425174,0.1306729494934559,0.2145982304351747,0.0507227117161396,10_sp_aij_15,4240255,0.1,10,1524,25,50,even
592,25.454545454545457,0.0952927565151346,0.0927781260770641,0.0217248443338767,0.0860297497176694,0.0753520063896551,0.1562916057935278,0.1702637289468639,0.0948701072123946,0.1668373929395853,0.0548573631674249,10_sp_aij_15,4240255,0.1,10,1524,25,50,even
593,26.060606060606062,0.1032894912226706,0.0892699145181641,0.0180950930254605,0.0946212119099189,0.079171812563099,0.178572911851103,0.1564083979560801,0.0844370790471646,0.1522227211310885,0.0604697186494757,10_sp_aij_15,4240255,0.1,10,1524,25,50,even
594,26.666666666666668,0.0985781428970779,0.0908476561771869,0.0161603573187404,0.0922362009186659,0.0858513378643916,0.1675727927154539,0.1685836711854897,0.0862784216943505,0.1372814408934173,0.0567385954613112,10_sp_aij_15,4240255,0.1,10,1524,25,50,even
595,27.272727272727277,0.1286878662230138,0.0880329487677595,0.0149133483808084,0.0972235082301251,0.0747792234880179,0.196252193183771,0.1707380236489901,0.0845195347066949,0.1821271689888957,0.0593555134880703,10_sp_aij_15,4240255,0.1,10,1524,25,50,even
596,27.87878787878788,0.1366062640888008,0.1170548102832021,0.0147919008354995,0.093543352090164,0.0735409963181952,0.17955515016573,0.178420596555464,0.0797204393403049,0.2244206825977679,0.061954340167456,10_sp_aij_15,4240255,0.1,10,1524,25,50,even
597,28.484848484848484,0.1148349407153388,0.1083663539009407,0.0148225010695208,0.0851004457507788,0.0673809246626678,0.1185400584369831,0.2039609321406895,0.0713664005276314,0.2493509928504299,0.0807255463699412,10_sp_aij_15,4240255,0.1,10,1524,25,50,even
598,29.090909090909093,0.1172331237734143,0.1197644113853587,0.0141159415821382,0.0734035555111922,0.088399500260167,0.1057407479658821,0.1803988337606303,0.0801827903147868,0.1917191999737373,0.0789029374301316,10_sp_aij_15,4240255,0.1,10,1524,25,50,even
599,30.0,0.121694012896233,0.146155740327432,0.0129106174030631,0.0779117546795457,0.1203918419181149,0.11202508830051,0.1504052352964721,0.0977397793798941,0.1776489539246883,0.0828118152117935,10_sp_aij_15,4240255,0.1,10,1524,25,50,even
600,0.0,0.04,0.08,0.09,0.06,0.06,0.06,0.08,0.03,0.02,0.09,10_sp_aij_15,5140131,0.1,10,1524,25,50,even
601,0.6060606060606061,0.0491274280764353,0.0833864252514984,0.0817635306997928,0.0644709130832301,0.0571345972230393,0.0751324796433023,0.0873354890323542,0.0403579373064768,0.0248762016058866,0.0803033981671922,10_sp_aij_15,5140131,0.1,10,1524,25,50,even
602,1.2121212121212122,0.0635815518797029,0.0833242915807106,0.0948403420984861,0.0783367927015646,0.0525321233379924,0.0802292773099395,0.1252663126386309,0.0517047550868295,0.0324003668004587,0.0859607633515117,10_sp_aij_15,5140131,0.1,10,1524,25,50,even
603,1.8181818181818183,0.092688668964795,0.0923052607603698,0.089620539460238,0.0696878074647387,0.0435669009951296,0.088361939846399,0.1222751214486982,0.0705362665436231,0.0326756121246367,0.077615397941533,10_sp_aij_15,5140131,0.1,10,1524,25,50,even
604,2.4242424242424243,0.1525328760037626,0.1014677400435752,0.0903005182120494,0.0971617113083443,0.039331987953658,0.0812280166830922,0.1421732945090252,0.0673912298463113,0.0349199587452342,0.0702234095198288,10_sp_aij_15,5140131,0.1,10,1524,25,50,even
605,3.0303030303030303,0.2016918049855854,0.1239338785920228,0.0615277338503227,0.1252250827734114,0.0437684406754491,0.0986817082681029,0.108926614644193,0.0949244844384773,0.0363593307901675,0.0568172579727753,10_sp_aij_15,5140131,0.1,10,1524,25,50,even
606,3.6363636363636367,0.1781727428333729,0.1380101309624749,0.0441517108293837,0.1294463003412951,0.0522131063647469,0.0839089550460326,0.1042272905940278,0.107754852655626,0.0448833129054639,0.0600986238234666,10_sp_aij_15,5140131,0.1,10,1524,25,50,even
607,4.242424242424242,0.1455145214793081,0.1038131996275572,0.0309195930249014,0.1264916235965161,0.0627887088136854,0.1036627241873828,0.113599753329762,0.1515590066463245,0.0574952814440756,0.0605325138877931,10_sp_aij_15,5140131,0.1,10,1524,25,50,even
608,4.848484848484849,0.1420492284558076,0.1060852812793117,0.0326270905137801,0.1487980828709224,0.0812876409414016,0.1241784420221627,0.1121037309246017,0.1618429500711514,0.0713143039684681,0.0552942223630392,10_sp_aij_15,5140131,0.1,10,1524,25,50,even
609,5.454545454545455,0.1051337297766105,0.1078265939268146,0.0300247955724147,0.1250608510856242,0.0677092434641016,0.1147422463262931,0.1298028553461057,0.1703820065401561,0.0834280085769237,0.0477375357255701,10_sp_aij_15,5140131,0.1,10,1524,25,50,even
610,6.0606060606060606,0.1011801814876101,0.1000689849387334,0.0320035960455042,0.1035407997988679,0.0622905139749296,0.119894191274733,0.1422276802619339,0.1467810778934168,0.0920475261748672,0.0446995260904336,10_sp_aij_15,5140131,0.1,10,1524,25,50,even
611,6.666666666666667,0.1350112220747494,0.0905172401988382,0.0323219533991498,0.1056318485225642,0.0549640900642602,0.1474048057681111,0.1652300168859816,0.1504752286039388,0.1069264276452895,0.0452226979496529,10_sp_aij_15,5140131,0.1,10,1524,25,50,even
612,7.272727272727273,0.118169889594431,0.1010754560414357,0.0236876437611731,0.1156604542767865,0.0693138713985811,0.1650343774692729,0.1765816546611995,0.155087160488382,0.1373312853092462,0.0451726903664172,10_sp_aij_15,5140131,0.1,10,1524,25,50,even
613,7.878787878787879,0.1393152734339633,0.0884656202674039,0.023212411788842,0.1187349155816089,0.0668867508540351,0.1697401507743131,0.1668202469845602,0.1285138213484974,0.1736093252864176,0.0459835060801383,10_sp_aij_15,5140131,0.1,10,1524,25,50,even
614,8.484848484848484,0.1491088044910002,0.1106444547255692,0.0204838368228043,0.1384226924567346,0.0668687906084178,0.1680303830398389,0.2021535708858677,0.1555437669758977,0.1426566297480151,0.038148917291921,10_sp_aij_15,5140131,0.1,10,1524,25,50,even
615,9.090909090909092,0.1606139935078081,0.1482797614549715,0.0174340693860364,0.1611123775077617,0.06805995979491,0.1764461866647846,0.2318455173577394,0.1850313953825051,0.1924760867289764,0.0324328201814183,10_sp_aij_15,5140131,0.1,10,1524,25,50,even
616,9.696969696969695,0.1441923203096549,0.1354608808538178,0.0143871353193373,0.1560967207235973,0.0764090936753763,0.1846836686285032,0.2408551768439157,0.1606317794287267,0.2085072209662626,0.0329180950956841,10_sp_aij_15,5140131,0.1,10,1524,25,50,even
617,10.303030303030305,0.1527081384683593,0.1348050595155858,0.0148967275039177,0.2051995209396956,0.0682308516371534,0.1750040194183522,0.2457905962927968,0.1708150236752741,0.1937179108747543,0.0463940731626678,10_sp_aij_15,5140131,0.1,10,1524,25,50,even
618,10.90909090909091,0.123643201184782,0.16891034764693,0.0120643659952305,0.1782779654714474,0.0804332618042857,0.1301275054722953,0.2316832293348973,0.1770720370795992,0.1769489771663484,0.0514281396168508,10_sp_aij_15,5140131,0.1,10,1524,25,50,even
619,11.515151515151516,0.1548530487749409,0.184180137164444,0.0114693040725014,0.1535802354913289,0.09426737638533,0.156342659436261,0.2700174280586531,0.1346454389337509,0.2450691950732632,0.0558443900395019,10_sp_aij_15,5140131,0.1,10,1524,25,50,even
620,12.12121212121212,0.1357994847008921,0.1657054637626291,0.0114398233137507,0.1498797736825308,0.1037608114020559,0.1549345882362249,0.27723995101835,0.147951028318956,0.2314297524662646,0.0558492219929054,10_sp_aij_15,5140131,0.1,10,1524,25,50,even
621,12.727272727272728,0.1280058027750734,0.1829914520241339,0.0115849787846677,0.1773915494411589,0.0937137324007086,0.1899013654148456,0.2433765008715916,0.1750015577866531,0.2009956215218283,0.0580929241749033,10_sp_aij_15,5140131,0.1,10,1524,25,50,even
622,13.333333333333334,0.1050061590554157,0.1339680477189141,0.0134393059010175,0.1378713576866244,0.118521604142836,0.2393755183480967,0.2119914721803144,0.1681411855730561,0.1741085342867696,0.0544845194745697,10_sp_aij_15,5140131,0.1,10,1524,25,50,even
623,13.93939393939394,0.1026650424780656,0.1349589243643086,0.0108930168669316,0.1407108507042891,0.1114472164237048,0.194072569581779,0.2045097449083572,0.174024696956248,0.1969545507405759,0.0496906989031373,10_sp_aij_15,5140131,0.1,10,1524,25,50,even
624,14.545454545454549,0.0889354549526088,0.1553688140227504,0.0095931394354653,0.1453024103324521,0.1310972255545628,0.213789527398868,0.2113693495036083,0.1084131290679864,0.2440144032157228,0.0525856728263391,10_sp_aij_15,5140131,0.1,10,1524,25,50,even
625,15.151515151515152,0.072402180171067,0.1183540791711344,0.0107207312197382,0.1366326188542857,0.1328289935146316,0.2067527482514085,0.2082429381898164,0.1316824738130303,0.2152782293251898,0.0403809933120854,10_sp_aij_15,5140131,0.1,10,1524,25,50,even
626,15.757575757575758,0.0796512263031232,0.1043788458814007,0.0125886832376799,0.1569862356489708,0.1218902204314805,0.2083284478078475,0.178076217937843,0.1440422804436587,0.209098323346291,0.0354796000970146,10_sp_aij_15,5140131,0.1,10,1524,25,50,even
627,16.363636363636363,0.0771363998841094,0.1187992628715315,0.0155337715279923,0.1478911926089148,0.1166924232842328,0.2176342940212187,0.2037456092831832,0.1438530588736047,0.1753446860794185,0.040959648704146,10_sp_aij_15,5140131,0.1,10,1524,25,50,even
628,16.96969696969697,0.0936064642077731,0.1104236503690301,0.0178565272697336,0.1701283251847183,0.0910728109733181,0.2406381056658266,0.2314505121367392,0.1503295820012309,0.1585158997729493,0.0577555607196838,10_sp_aij_15,5140131,0.1,10,1524,25,50,even
629,17.575757575757578,0.0919810713599202,0.1129418017639123,0.0198401150712809,0.1469232843087454,0.0786662963168642,0.1627026778725512,0.311570128707775,0.1662885219887812,0.2027641828402235,0.0644747724350943,10_sp_aij_15,5140131,0.1,10,1524,25,50,even
630,18.181818181818183,0.1194993887352129,0.1276970972592443,0.0193542401358462,0.1411940683718039,0.0782392673892007,0.1759408620317194,0.2209482438481737,0.1416767899496438,0.1723726276703165,0.0674568299363321,10_sp_aij_15,5140131,0.1,10,1524,25,50,even
631,18.78787878787879,0.1195354955280661,0.1116631217205911,0.0174161272372088,0.1547611541755134,0.067166377690375,0.1837154658144573,0.2018960186954857,0.1378241423024102,0.2018181485755287,0.0489603179842158,10_sp_aij_15,5140131,0.1,10,1524,25,50,even
632,19.393939393939394,0.1284650845945679,0.1523066980579847,0.0196046013400844,0.1848341690449851,0.0878434427185245,0.2419554302331278,0.1953548510058495,0.1546192562024859,0.2151511571625286,0.0438300999827634,10_sp_aij_15,5140131,0.1,10,1524,25,50,even
633,20.0,0.097781853990101,0.1690585584863973,0.0187002351304223,0.1338765587049031,0.1020270216911161,0.2222604566721708,0.2067525716924504,0.1753574288068538,0.2428336582496159,0.0428552317553948,10_sp_aij_15,5140131,0.1,10,1524,25,50,even
634,20.60606060606061,0.1036760796936525,0.2009210018036995,0.0174150998772305,0.1204148121690018,0.08343695409352,0.2168218489558493,0.2399056451503776,0.1798169928057484,0.2648074807738422,0.0451938216206773,10_sp_aij_15,5140131,0.1,10,1524,25,50,even
635,21.21212121212121,0.1068910399202563,0.1226342453660257,0.0181067568370395,0.1064035567067611,0.0838318565143563,0.1895226049206721,0.2139485093955947,0.150802380783823,0.1980834810281782,0.0393549504030904,10_sp_aij_15,5140131,0.1,10,1524,25,50,even
636,21.81818181818182,0.1102424294182111,0.1076549927538056,0.0129514993328991,0.112734491923475,0.074105025481133,0.1422052729858147,0.2356441876141394,0.1571242590041525,0.2081535801567137,0.0366439274369825,10_sp_aij_15,5140131,0.1,10,1524,25,50,even
637,22.424242424242426,0.120288304383362,0.1132156554634715,0.0130681859638916,0.1181556768611824,0.0740589656419149,0.1294170311032579,0.1682850400682728,0.1374867607241526,0.2150803215525635,0.0392499068777775,10_sp_aij_15,5140131,0.1,10,1524,25,50,even
638,23.03030303030303,0.0955514354703792,0.1075097782446264,0.0144817118307097,0.1228041117805065,0.0870661885149675,0.1726324824420251,0.1808817132791163,0.1339918791142507,0.1963260737052583,0.0378945904859861,10_sp_aij_15,5140131,0.1,10,1524,25,50,even
639,23.63636363636364,0.0920886573422522,0.110572477237777,0.0159989447062987,0.1060760989546668,0.1153765348722797,0.1759097685859961,0.2087083491793538,0.1473448435699003,0.2018724441883119,0.0422251736910249,10_sp_aij_15,5140131,0.1,10,1524,25,50,even
640,24.24242424242424,0.0993878557272684,0.1188656209755041,0.015865607995341,0.1194731628907108,0.114056751354579,0.1865649253888831,0.2009978154256062,0.1421498974485676,0.1955449584664086,0.0362779148706204,10_sp_aij_15,5140131,0.1,10,1524,25,50,even
641,24.848484848484848,0.1202633263506587,0.1190265925169163,0.0175562193144802,0.1212283507221152,0.1051951126339415,0.2053179676449805,0.2046801660849252,0.1337930505718617,0.1444816717587045,0.0406484730671036,10_sp_aij_15,5140131,0.1,10,1524,25,50,even
642,25.454545454545457,0.1077665354022447,0.0877273401163108,0.0176355506736533,0.140991973559834,0.078838354750933,0.2032577204630683,0.2634867242400195,0.1430685524943201,0.1792244188011146,0.0459457175545263,10_sp_aij_15,5140131,0.1,10,1524,25,50,even
643,26.060606060606062,0.0990364562265996,0.0937551895486764,0.0161539259901154,0.1145291667715274,0.1031992806979326,0.1922304093001365,0.2317251700290021,0.1358119565533974,0.2327514263334084,0.0426065756962616,10_sp_aij_15,5140131,0.1,10,1524,25,50,even
644,26.666666666666668,0.1267673924172625,0.0781564379870404,0.0197682033425249,0.118312159493855,0.0964708436207795,0.1712780316716823,0.2185361650188531,0.1379624998045062,0.2102130128885774,0.0474119408566039,10_sp_aij_15,5140131,0.1,10,1524,25,50,even
645,27.272727272727277,0.0907360782987667,0.0787287819674985,0.0193432655423158,0.1174823104077804,0.0940338714673164,0.1871510189262991,0.1984469869071386,0.1783149547912057,0.2052724071101715,0.059690300816365,10_sp_aij_15,5140131,0.1,10,1524,25,50,even
646,27.87878787878788,0.0990672776157904,0.0839046151138783,0.0217106023374992,0.1039046549901882,0.0834426990149074,0.2150170485061343,0.1661979474976468,0.1488985930766892,0.227310598021278,0.0696363977813508,10_sp_aij_15,5140131,0.1,10,1524,25,50,even
647,28.484848484848484,0.0977203729117816,0.0881485822957614,0.0203267993092579,0.0872098529047639,0.0902329589985432,0.1864401185007369,0.1468710220236303,0.1512961703697776,0.1941699361527465,0.0645031772664923,10_sp_aij_15,5140131,0.1,10,1524,25,50,even
648,29.090909090909093,0.1076555811402111,0.1034598603738725,0.0194698078402819,0.0849231583245447,0.1027011517903481,0.1917642350887392,0.192526670529884,0.1247839556724767,0.1937352331526921,0.0740225870014181,10_sp_aij_15,5140131,0.1,10,1524,25,50,even
649,30.0,0.1356047456481967,0.1226920401026355,0.0180962860761377,0.0834874669262371,0.1010617970174913,0.1513507196645606,0.2106252713839929,0.126195106531964,0.1622795311208035,0.0728141839111922,10_sp_aij_15,5140131,0.1,10,1524,25,50,even
650,0.0,0.04,0.07,0.02,0.04,0.03,0.03,0.07,0.06,0.01,0.03,10_sp_aij_15,5576645,0.1,10,1524,25,50,even
651,0.6060606060606061,0.0433454426019448,0.0726942934646542,0.0163113621172406,0.0572817959549538,0.0368446890295903,0.0414113251908683,0.0921386042722409,0.0807949676453022,0.0120581148446581,0.0304404692696331,10_sp_aij_15,5576645,0.1,10,1524,25,50,even
652,1.2121212121212122,0.0644357796325529,0.0720195899386385,0.014316123051393,0.0686702477917619,0.03455232308326,0.0444616826279119,0.103099769645297,0.0984891085825304,0.0120443925351773,0.0337851393831821,10_sp_aij_15,5576645,0.1,10,1524,25,50,even
653,1.8181818181818183,0.0790155606729754,0.0831757572836325,0.016248581186403,0.0829577503407706,0.0468874377909902,0.0515952340536374,0.1086635781769291,0.1174749372714607,0.0120463372831728,0.0404540157785612,10_sp_aij_15,5576645,0.1,10,1524,25,50,even
654,2.4242424242424243,0.0808802023793828,0.0913469726507091,0.0148300326901887,0.0781617677893757,0.0520117358303021,0.080503026178005,0.0948678105496934,0.1166425857631667,0.0173708583703597,0.0418363838556681,10_sp_aij_15,5576645,0.1,10,1524,25,50,even
655,3.0303030303030303,0.0859196885893531,0.0870193494371617,0.0143178899956665,0.09346588506016,0.0591569914269488,0.0846670291507308,0.1105833655988798,0.1049685156364936,0.0217583387804584,0.0540059355870437,10_sp_aij_15,5576645,0.1,10,1524,25,50,even
656,3.6363636363636367,0.1092296841391769,0.0983169447899246,0.0119437521457877,0.0982677380895168,0.0540106228392399,0.0980490638817138,0.1185552891622285,0.0799536187950985,0.0276628407505071,0.0507906578200359,10_sp_aij_15,5576645,0.1,10,1524,25,50,even
657,4.242424242424242,0.1160947475441965,0.1024157348731161,0.0098260207082232,0.0937724851256669,0.052160968868247,0.1177740869017939,0.1013248479912291,0.0910120924648643,0.0317791884488668,0.0560749887718293,10_sp_aij_15,5576645,0.1,10,1524,25,50,even
658,4.848484848484849,0.1260448090943809,0.0813263410310488,0.008143275901284,0.1022498754676307,0.0578680941137066,0.119502014181346,0.1165884314853992,0.0868511236816448,0.0424231330114799,0.0497618728829766,10_sp_aij_15,5576645,0.1,10,1524,25,50,even
659,5.454545454545455,0.1248036348661923,0.0916037478497228,0.0062767737495439,0.1027625028139259,0.0599349550591907,0.1236665635259303,0.1209102083481711,0.0896070591620447,0.0501173178701647,0.0514093268504542,10_sp_aij_15,5576645,0.1,10,1524,25,50,even
660,6.0606060606060606,0.1136303786964781,0.0953131723070521,0.0074016813979345,0.1310906854194221,0.0645274958913875,0.1294963531037675,0.1259246443584825,0.078677040083627,0.067603107277656,0.0554469564784162,10_sp_aij_15,5576645,0.1,10,1524,25,50,even
661,6.666666666666667,0.1146299616467564,0.0858250022695937,0.0070658454245733,0.1422702727915858,0.0539557006426187,0.1322048075741901,0.1557188089192124,0.1050036898416453,0.074173302049468,0.0700279535349064,10_sp_aij_15,5576645,0.1,10,1524,25,50,even
662,7.272727272727273,0.1491312044511064,0.0949681441548021,0.0072938393355104,0.1210965305760294,0.0743633341734978,0.1565412516227123,0.1466197853489498,0.1145330567769784,0.0919453674862048,0.0842267712679921,10_sp_aij_15,5576645,0.1,10,1524,25,50,even
663,7.878787878787879,0.1287649694008232,0.0699735481529248,0.0075276253658039,0.1162654733055983,0.0734152911773147,0.1655983160729823,0.1625853980656672,0.1535986210526309,0.1098227962878353,0.0729496672426089,10_sp_aij_15,5576645,0.1,10,1524,25,50,even
664,8.484848484848484,0.1324300544864567,0.0817748100668307,0.0088057421379679,0.1148693334551511,0.0682779648096428,0.1569044184711779,0.2222380973077909,0.1350505804227202,0.1065437586698645,0.0827801481871838,10_sp_aij_15,5576645,0.1,10,1524,25,50,even
665,9.090909090909092,0.1370734582977365,0.0938970794737405,0.0106044311902276,0.1245299975000997,0.0741834089942686,0.1500001050679413,0.1872968246801033,0.1440878829003329,0.1278026002314589,0.0772792241393149,10_sp_aij_15,5576645,0.1,10,1524,25,50,even
666,9.696969696969695,0.1360246880854356,0.1227688145580642,0.0104561855421886,0.1385882830792215,0.0745303649630632,0.1669351666678993,0.2001552723760409,0.162234619475315,0.1868139904300358,0.0929157467454994,10_sp_aij_15,5576645,0.1,10,1524,25,50,even
667,10.303030303030305,0.1345151519895375,0.144462860140242,0.0111616935580303,0.1307885735714082,0.0755157946229801,0.1523918802367185,0.1919751974431046,0.1861208333493348,0.1817949180037735,0.0932806422115307,10_sp_aij_15,5576645,0.1,10,1524,25,50,even
668,10.90909090909091,0.1029393967442299,0.1509845677337925,0.0098119273526582,0.12575527043376,0.067829639385393,0.1577834298540527,0.1793271123543042,0.1590570845396312,0.1711817639267248,0.1034216381249268,10_sp_aij_15,5576645,0.1,10,1524,25,50,even
669,11.515151515151516,0.1065382730164131,0.1662245496073157,0.0117946335644627,0.1177222399770019,0.0767059016359905,0.1985322845184862,0.1687835130103636,0.1518327114352922,0.226154025202135,0.1041886220070775,10_sp_aij_15,5576645,0.1,10,1524,25,50,even
670,12.12121212121212,0.1205885927991967,0.160575442832125,0.0138193154014774,0.1028392679456051,0.0729288799493607,0.1698876506339578,0.152570102988605,0.1383660312317098,0.2059899421173925,0.0967016511658813,10_sp_aij_15,5576645,0.1,10,1524,25,50,even
671,12.727272727272728,0.1270128741049573,0.1258280926611731,0.0138100166073347,0.1113967260823714,0.0742291987141285,0.1408987367772057,0.1536426424968237,0.1545855731806246,0.2408654424157649,0.0740196793401323,10_sp_aij_15,5576645,0.1,10,1524,25,50,even
672,13.333333333333334,0.1251105748383097,0.1332926173133791,0.0135724966964736,0.0943316143176213,0.0987618384602645,0.180329972173821,0.181193519071731,0.1502937388855414,0.1648281182624,0.0641746328779546,10_sp_aij_15,5576645,0.1,10,1524,25,50,even
673,13.93939393939394,0.1251884206949276,0.1015195140533271,0.0112340994702416,0.0943381195543165,0.0993124859647276,0.188261951959242,0.18761400930296,0.1236252032419588,0.1559380966815784,0.071207953138977,10_sp_aij_15,5576645,0.1,10,1524,25,50,even
674,14.545454545454549,0.1202760506589863,0.1289006361895714,0.0145248123552909,0.0822113255489004,0.0797991672354179,0.1786068817621273,0.2305299528626243,0.1189877770714807,0.1869753841036634,0.0613504316719472,10_sp_aij_15,5576645,0.1,10,1524,25,50,even
675,15.151515151515152,0.1187343617123664,0.1184944827756516,0.0159730810727056,0.1033019055837709,0.0685104390632192,0.1939781473096319,0.2695896723836233,0.1158056979004746,0.2062696221699057,0.0576509340127564,10_sp_aij_15,5576645,0.1,10,1524,25,50,even
676,15.757575757575758,0.1305482453128896,0.1052583782795493,0.0168170304671349,0.0930137221516574,0.0790566999968025,0.2186301918751243,0.2469484723582941,0.1055331085901676,0.2255385381656547,0.0448399061605961,10_sp_aij_15,5576645,0.1,10,1524,25,50,even
677,16.363636363636363,0.1229051573300069,0.1165026179420486,0.0194643028217899,0.1167996145552603,0.0745774791749674,0.180231019282707,0.2412563464050953,0.0962288398329255,0.2172857079974381,0.0549842245952362,10_sp_aij_15,5576645,0.1,10,1524,25,50,even
678,16.96969696969697,0.142138634716831,0.121973735539292,0.0192753467623814,0.1224921425447047,0.0868384923719417,0.1940803859264142,0.2255871109760654,0.0888688416425043,0.1393589024221405,0.0729181580737702,10_sp_aij_15,5576645,0.1,10,1524,25,50,even
679,17.575757575757578,0.113718462079959,0.1041567705231493,0.0227518253446031,0.1464970019919924,0.0880870881058337,0.1778467097438675,0.2772700936108294,0.0888954716143937,0.1413739706605729,0.0853588764428089,10_sp_aij_15,5576645,0.1,10,1524,25,50,even
680,18.181818181818183,0.1174492869852388,0.1104825044169539,0.0162468552000488,0.1563962489906299,0.0911833061381596,0.1669307225603576,0.237340471064584,0.0749447921211288,0.1650228267652229,0.0947255125435526,10_sp_aij_15,5576645,0.1,10,1524,25,50,even
681,18.78787878787879,0.1224380299408809,0.08740149373241,0.0115956409810796,0.1450699622476214,0.0859920094352542,0.1609243097071574,0.2082894152835821,0.0729773324121997,0.1917089553990117,0.107741436465763,10_sp_aij_15,5576645,0.1,10,1524,25,50,even
682,19.393939393939394,0.0911456328852762,0.1032895133860931,0.0097517056753407,0.1426436330931302,0.0947449654300356,0.1570127112944848,0.2020494218991267,0.1107373985622627,0.1567274523482263,0.0841536760453508,10_sp_aij_15,5576645,0.1,10,1524,25,50,even
683,20.0,0.1111822190219606,0.1071955167518478,0.0102527977006042,0.1199500179924789,0.0675959685386375,0.1979881426837358,0.1957307013329908,0.1063798948939822,0.2148702776618009,0.0955811608285987,10_sp_aij_15,5576645,0.1,10,1524,25,50,even
684,20.60606060606061,0.116762759664164,0.124351934740965,0.0136082295030827,0.1044428869721548,0.078266478161724,0.1792112867125286,0.2169417998230011,0.134214673643306,0.2117109548800266,0.0747172410861004,10_sp_aij_15,5576645,0.1,10,1524,25,50,even
685,21.21212121212121,0.1176350428450915,0.1204568186246424,0.0105792952285581,0.1215307121789009,0.0744536314756514,0.1742251332663642,0.1679878150531706,0.145347795213904,0.2081129411806403,0.0654197953119402,10_sp_aij_15,5576645,0.1,10,1524,25,50,even
686,21.81818181818182,0.1190456619198131,0.0976750804247217,0.0120285349177001,0.113572957218433,0.0835353053474417,0.1647216298440879,0.1866146422213007,0.1664297147727623,0.1595567182469132,0.0613494491043801,10_sp_aij_15,5576645,0.1,10,1524,25,50,even
687,22.424242424242426,0.1226885956077003,0.0716886930643859,0.0154400873723135,0.1142265593019708,0.0965759050914159,0.1950005896017522,0.1923479751997354,0.160850999336041,0.1287416560500036,0.059332572824961,10_sp_aij_15,5576645,0.1,10,1524,25,50,even
688,23.03030303030303,0.1288818091970097,0.075283639458316,0.0139952458048277,0.1219861436894865,0.1032052121030997,0.1895582807919676,0.2419558483031209,0.1231979022138195,0.1486371509815437,0.0537406072406289,10_sp_aij_15,5576645,0.1,10,1524,25,50,even
689,23.63636363636364,0.1183722548238935,0.0889638760943506,0.0148931931159115,0.1325322888613618,0.0957550650300449,0.2157110535379068,0.2367355228852424,0.1481526203063198,0.1509552786091117,0.0576971473185344,10_sp_aij_15,5576645,0.1,10,1524,25,50,even
690,24.24242424242424,0.1188312578366446,0.0975694949890791,0.0123859388125483,0.1214430035288118,0.1013373653857323,0.2082917167205913,0.2244881300362365,0.1369386676977749,0.183230952880199,0.0467291779799659,10_sp_aij_15,5576645,0.1,10,1524,25,50,even
691,24.848484848484848,0.140697711194126,0.0936764422084282,0.014293278198307,0.1158528111254081,0.1063246491655053,0.2042579839978501,0.2156044573097919,0.1405257293170046,0.2145192129013746,0.0345643308847526,10_sp_aij_15,5576645,0.1,10,1524,25,50,even
692,25.454545454545457,0.1163541522404026,0.0908702836165616,0.0171547346610088,0.1014818764832095,0.093429385495395,0.1728842416901061,0.1991502423323463,0.1346878682816635,0.1872510846405825,0.0371711934760185,10_sp_aij_15,5576645,0.1,10,1524,25,50,even
693,26.060606060606062,0.1164191618088294,0.1011891718239516,0.0148666487768137,0.0969040673382432,0.1112792291442851,0.1384784196966642,0.1990434431614903,0.1253696246421147,0.2047546956072578,0.0442548021406947,10_sp_aij_15,5576645,0.1,10,1524,25,50,even
694,26.666666666666668,0.1141809059447573,0.1219281799836552,0.0143626670930386,0.1009006878731924,0.084730536304949,0.1626221959763773,0.2080560902420237,0.1286764315613544,0.1975003937175571,0.0488685407926871,10_sp_aij_15,5576645,0.1,10,1524,25,50,even
695,27.272727272727277,0.1248314804071143,0.119179679496692,0.0138521262568292,0.1167884117107056,0.0944194733397409,0.1820326766907318,0.1911747074804679,0.1661240697208306,0.178078314247951,0.0439319156484523,10_sp_aij_15,5576645,0.1,10,1524,25,50,even
696,27.87878787878788,0.1213582840082602,0.1543965656107344,0.0124428894252315,0.1134742580576475,0.0917918119818948,0.1660248854601887,0.1795921303950928,0.1407966755905699,0.1887758049410786,0.0321190234611517,10_sp_aij_15,5576645,0.1,10,1524,25,50,even
697,28.484848484848484,0.1154953864047352,0.140486765283361,0.013932308535242,0.1207626730089375,0.1093517284264,0.1890925629204357,0.1570899474597966,0.1427124671470268,0.1913905038502134,0.0341933517671649,10_sp_aij_15,5576645,0.1,10,1524,25,50,even
698,29.090909090909093,0.1153013743551761,0.1077130306310029,0.0151701944759606,0.1100376036683363,0.0886287584994932,0.2026321966871971,0.1904335048115432,0.1447756761510932,0.152095268663314,0.0498824797126002,10_sp_aij_15,5576645,0.1,10,1524,25,50,even
699,30.0,0.1157422002803692,0.1341100761401207,0.0125388990782341,0.1118409605562047,0.074754224181979,0.1828753884575433,0.1642643727135684,0.1086190983714379,0.1639109131839874,0.0419370052205995,10_sp_aij_15,5576645,0.1,10,1524,25,50,even
700,0.0,0.04,0.03,0.01,0.02,0.09,0.04,0.09,0.09,0.05,0.03,10_sp_aij_15,5589942,0.1,10,1524,25,50,even
701,0.6060606060606061,0.0571518954813812,0.0305967640919579,0.0098012395614102,0.018706894372901,0.0810841676927858,0.0494832713490507,0.082305484708808,0.0914047620477582,0.0725605668402942,0.0292946040921542,10_sp_aij_15,5589942,0.1,10,1524,25,50,even
702,1.2121212121212122,0.0626090578994465,0.0356824551228975,0.0118842758341401,0.0244801910860002,0.1034930765431516,0.0502848843810586,0.0764751655557215,0.10617041723296,0.0853251848326274,0.0294124377683867,10_sp_aij_15,5589942,0.1,10,1524,25,50,even
703,1.8181818181818183,0.0664970627163909,0.0294403168226076,0.0129354799288036,0.0271888566704157,0.0777215820728872,0.046977959257937,0.079212821146802,0.1099653440467998,0.0825820954565928,0.0290421498624893,10_sp_aij_15,5589942,0.1,10,1524,25,50,even
704,2.4242424242424243,0.0908689229865845,0.0361805112437056,0.0147204090245904,0.0305704729124018,0.0798575701052254,0.0532849295662696,0.0733258553646812,0.1204867297720258,0.0885257735558358,0.0342360198175699,10_sp_aij_15,5589942,0.1,10,1524,25,50,even
705,3.0303030303030303,0.0898254357876591,0.0463226139941451,0.0158723858426197,0.0285522743329054,0.0809627919698218,0.069157413598309,0.0836946291779926,0.1107318198451338,0.0904901802423146,0.0429925903609253,10_sp_aij_15,5589942,0.1,10,1524,25,50,even
706,3.6363636363636367,0.1386040146908327,0.0558014647421257,0.0153686740022151,0.0251823028816779,0.0738112065466813,0.0806224090149929,0.0950681273361063,0.1091574866549292,0.0953981157640203,0.0457640080480273,10_sp_aij_15,5589942,0.1,10,1524,25,50,even
707,4.242424242424242,0.1422008911827403,0.075404313386124,0.0116781163700282,0.0309641734582078,0.0728891755963475,0.1133958862395286,0.1255923048316437,0.0953974252700644,0.1108161141743032,0.0389458102880893,10_sp_aij_15,5589942,0.1,10,1524,25,50,even
708,4.848484848484849,0.1416868514713971,0.0673790057697281,0.0106135758551308,0.0273353066023588,0.0609656663778547,0.1310641001155685,0.1326750919014147,0.1065018070800404,0.1076290387617312,0.0513397908383703,10_sp_aij_15,5589942,0.1,10,1524,25,50,even
709,5.454545454545455,0.1250341002472735,0.0600454077375039,0.0102236875622472,0.0335256022153889,0.0594926940089663,0.083636016044484,0.1437322409987969,0.098607136410635,0.0994649648016124,0.048908451713406,10_sp_aij_15,5589942,0.1,10,1524,25,50,even
710,6.0606060606060606,0.106627486517725,0.0665166944218058,0.0116948615928528,0.0359982482353342,0.0614584504908308,0.1088203319112687,0.1864350952549902,0.1082615399768657,0.1120196515787376,0.0373611849877644,10_sp_aij_15,5589942,0.1,10,1524,25,50,even
711,6.666666666666667,0.0936881950745029,0.063208336612357,0.0113975954782267,0.0441805479776654,0.06091143416323,0.0888000382086963,0.161336759899767,0.0921560044194676,0.1145790429428883,0.0335357794532685,10_sp_aij_15,5589942,0.1,10,1524,25,50,even
712,7.272727272727273,0.0978114434061743,0.0702966387847606,0.0093850754408538,0.0567124147256324,0.0573526714656974,0.1162621202578311,0.1306702798554761,0.1087533170322381,0.104083140868287,0.0357608967027941,10_sp_aij_15,5589942,0.1,10,1524,25,50,even
713,7.878787878787879,0.1219065498153293,0.0655967192574635,0.0090178205503201,0.0609750532657782,0.0666932765963794,0.1146389346898805,0.1420307574875133,0.0971481852130509,0.1165700054232904,0.0428541648811922,10_sp_aij_15,5589942,0.1,10,1524,25,50,even
714,8.484848484848484,0.1402877051926528,0.0828262107234853,0.0094043402760533,0.0688207675699933,0.060192471859512,0.1148958826304425,0.1439835270969889,0.1253429658224785,0.1239845013405124,0.0310936667501327,10_sp_aij_15,5589942,0.1,10,1524,25,50,even
715,9.090909090909092,0.1542447362662984,0.096943020442824,0.00936723340137,0.0799735407716116,0.0560202344760726,0.1526881542163844,0.1549605135082301,0.1107880708099433,0.1385818099185431,0.0368728321176604,10_sp_aij_15,5589942,0.1,10,1524,25,50,even
716,9.696969696969695,0.1520807383353185,0.1293105581608241,0.0100469288946798,0.0876686139157228,0.0599819659269536,0.1528733626131627,0.1393343551144651,0.1207978723419842,0.1475205179581791,0.0469087748396654,10_sp_aij_15,5589942,0.1,10,1524,25,50,even
717,10.303030303030305,0.1379453547847445,0.1093415035849672,0.0117612861792029,0.0944659794498836,0.0646661951920438,0.154408629619872,0.1388873911105268,0.1090620546522065,0.1578984347126796,0.0386508437850971,10_sp_aij_15,5589942,0.1,10,1524,25,50,even
718,10.90909090909091,0.1247203081099408,0.1066277223813383,0.0121750563233329,0.1008057277472873,0.0842109336444512,0.1754828899661422,0.1330173133165463,0.0842203553880672,0.1758579154707755,0.0298766375496266,10_sp_aij_15,5589942,0.1,10,1524,25,50,even
719,11.515151515151516,0.1147297028894122,0.1351329881931551,0.011521638100856,0.1102563092313573,0.0808891850825269,0.1926744418001115,0.1275879037769853,0.0994806946184718,0.1598050779112644,0.0380891201766135,10_sp_aij_15,5589942,0.1,10,1524,25,50,even
720,12.12121212121212,0.1142661715431287,0.1358366174341964,0.011705702174926,0.0897701590701958,0.0871686367030394,0.171015576012175,0.1263725682918689,0.1248548622424823,0.1551116364762061,0.049582822200111,10_sp_aij_15,5589942,0.1,10,1524,25,50,even
721,12.727272727272728,0.1062293285174979,0.1237383388777734,0.0127566800602523,0.1000110130929911,0.0847084371924991,0.1576424930476326,0.1550712428166206,0.1464666950479787,0.1605193442943609,0.0468106115415821,10_sp_aij_15,5589942,0.1,10,1524,25,50,even
722,13.333333333333334,0.1071370717448534,0.1143298671300426,0.0131930858235201,0.1034698198830398,0.0854002239773059,0.1298262275149164,0.1688522770888844,0.1419439887177748,0.1804766223755255,0.04198191574267,10_sp_aij_15,5589942,0.1,10,1524,25,50,even
723,13.93939393939394,0.0923888813782805,0.0788021421834722,0.0112711874150546,0.1028921907787309,0.0841063521005747,0.1575841776569554,0.1649444811779938,0.1400195133519015,0.1808588259554628,0.0346401459421208,10_sp_aij_15,5589942,0.1,10,1524,25,50,even
724,14.545454545454549,0.1027262710848641,0.0904322194597559,0.0096026316583722,0.1162841505353503,0.1025869239976488,0.1968571958915032,0.169397421059153,0.1453665326710857,0.1987312700889477,0.0445085200396894,10_sp_aij_15,5589942,0.1,10,1524,25,50,even
725,15.151515151515152,0.0942094767796026,0.0928338603228617,0.0138603173439185,0.1373857735115324,0.1073932180742312,0.1782995560025548,0.2047515437915311,0.1648849543418395,0.2464398930723767,0.0405950661681343,10_sp_aij_15,5589942,0.1,10,1524,25,50,even
726,15.757575757575758,0.0853020540787005,0.088972752588294,0.0155717230974635,0.1400468329817131,0.1082827149321058,0.1859833339367853,0.2160069784340571,0.111906522513015,0.2342425708394195,0.0431170249932311,10_sp_aij_15,5589942,0.1,10,1524,25,50,even
727,16.363636363636363,0.0862312361993895,0.0841347046220428,0.0193695600893053,0.1293294259834063,0.0825359606389922,0.1811618311623138,0.269367680508925,0.096431056856443,0.2752185555774621,0.0495026849563599,10_sp_aij_15,5589942,0.1,10,1524,25,50,even
728,16.96969696969697,0.0973655286274751,0.0739964272628899,0.023377132147346,0.106657006632391,0.083371010203751,0.2068599108670419,0.300400056356775,0.0964109757716088,0.2391148453737166,0.0535811043517058,10_sp_aij_15,5589942,0.1,10,1524,25,50,even
729,17.575757575757578,0.1115820155704078,0.0709424210484145,0.0274433157566093,0.0953993817436776,0.0824025391922564,0.2511006572282689,0.2712509606977011,0.0915984372080677,0.2668607956251252,0.0537273130085083,10_sp_aij_15,5589942,0.1,10,1524,25,50,even
730,18.181818181818183,0.139646184027111,0.0880839232816679,0.0254856614371816,0.1049117159696516,0.0565509418442354,0.1939789460338807,0.2513283351199805,0.103917805960031,0.2508410792444434,0.0548928192821414,10_sp_aij_15,5589942,0.1,10,1524,25,50,even
731,18.78787878787879,0.185466174359329,0.1004941565027894,0.0256789824422985,0.0947326187754527,0.064993385984531,0.1761388239783083,0.2946545938920707,0.1112826181648338,0.2759780113839475,0.0539617626869141,10_sp_aij_15,5589942,0.1,10,1524,25,50,even
732,19.393939393939394,0.1911445292359324,0.1189388150536989,0.0280401215010438,0.1024779784224224,0.0737696016457983,0.1850613081066816,0.3036557478884554,0.1028554353809794,0.2712250866420433,0.0511311430601369,10_sp_aij_15,5589942,0.1,10,1524,25,50,even
733,20.0,0.1977864537559078,0.1427995904031145,0.0222431665948388,0.1017746860101574,0.0678264438228019,0.1999428529557403,0.2989730432652826,0.0787428393831178,0.1852206757371809,0.05802846746934,10_sp_aij_15,5589942,0.1,10,1524,25,50,even
734,20.60606060606061,0.1689707076313623,0.1244697210077843,0.0227222127969714,0.1135652630117482,0.0903220471197503,0.206375259347717,0.2644970691446806,0.0702494727901984,0.1537837142802247,0.0565034766897975,10_sp_aij_15,5589942,0.1,10,1524,25,50,even
735,21.21212121212121,0.1775464139199709,0.1433976482260794,0.0225178317021268,0.1203665162709038,0.1058980594023694,0.1792025606432732,0.2097612461405927,0.0733511574343334,0.1673962744201007,0.0499700684130671,10_sp_aij_15,5589942,0.1,10,1524,25,50,even
736,21.81818181818182,0.1630929106466759,0.0946250147015741,0.021061631424636,0.1206194721968367,0.1198878673632665,0.147905488829124,0.1816125189822382,0.0851258553656261,0.1990249345373732,0.0606348488030834,10_sp_aij_15,5589942,0.1,10,1524,25,50,even
737,22.424242424242426,0.127095507355383,0.1024596796819743,0.0238488917640654,0.12204767218442,0.1165196316419616,0.1471907604881423,0.2062545907879043,0.0708808185195096,0.1996180095827119,0.060455888298896,10_sp_aij_15,5589942,0.1,10,1524,25,50,even
738,23.03030303030303,0.1160634988046714,0.1084274258685662,0.030155323706559,0.0891175689825176,0.0997089287044964,0.1935689370594853,0.2042879820188425,0.0924308026360543,0.1886771444855922,0.0635896932429567,10_sp_aij_15,5589942,0.1,10,1524,25,50,even
739,23.63636363636364,0.1207803575896074,0.1199325236783201,0.0306126089927508,0.0868531574209899,0.0962335020861738,0.20606490756225,0.2359557707380892,0.084917873824121,0.2064585725038703,0.0768963853173588,10_sp_aij_15,5589942,0.1,10,1524,25,50,even
740,24.24242424242424,0.0996576241316469,0.1399453599883593,0.0349828470558616,0.1058170508045455,0.1009386382460457,0.2079170596192512,0.2490876056881973,0.0908497043074952,0.2131360271327249,0.0714270599424483,10_sp_aij_15,5589942,0.1,10,1524,25,50,even
741,24.848484848484848,0.1465705638663528,0.1457832225122395,0.0339332364831962,0.0872992962550412,0.1246943384780043,0.1823410454362443,0.1836051669606743,0.0832595240024375,0.1786259976541715,0.0797105696697347,10_sp_aij_15,5589942,0.1,10,1524,25,50,even
742,25.454545454545457,0.1435658801870867,0.1316201812544738,0.0313413537001789,0.093813226492944,0.1025043476995793,0.150226629100652,0.2024424640723495,0.102534500166204,0.1995679433400993,0.0753960489824176,10_sp_aij_15,5589942,0.1,10,1524,25,50,even
743,26.060606060606062,0.1155507906287967,0.1157346621965593,0.0315928090668534,0.0863980494680008,0.1106819558771713,0.126162033666831,0.2243491010394876,0.0998010137752048,0.1998603568474856,0.06675282013961,10_sp_aij_15,5589942,0.1,10,1524,25,50,even
744,26.666666666666668,0.1153063755376396,0.1331198822301425,0.0359040068848277,0.0851472444932094,0.1040102079587983,0.1169027310931612,0.1833934035892199,0.0966731058753744,0.2458988066145022,0.0490513664546751,10_sp_aij_15,5589942,0.1,10,1524,25,50,even
745,27.272727272727277,0.1202214291271289,0.1576290016616738,0.0327253313071371,0.071816791743143,0.1159755916070786,0.1132312750676177,0.2055352835425863,0.0956444202897037,0.2302579722704239,0.0556734945565074,10_sp_aij_15,5589942,0.1,10,1524,25,50,even
746,27.87878787878788,0.1214058006953049,0.1522736599312556,0.021729774114454,0.0810516640336054,0.1353108083659003,0.1276758300689268,0.1695831700531987,0.0871098835143095,0.2486559720364007,0.0674483335370421,10_sp_aij_15,5589942,0.1,10,1524,25,50,even
747,28.484848484848484,0.1306170537213706,0.1375619148132198,0.0228222687419874,0.0821471665533544,0.128877223492896,0.1096452071040072,0.1835186501767098,0.0948036828336519,0.2283919320036674,0.0584198395745924,10_sp_aij_15,5589942,0.1,10,1524,25,50,even
748,29.090909090909093,0.1318202765232946,0.1240114433142623,0.022380939813162,0.0768015378864169,0.1274042503483261,0.1045619499200604,0.1604961728233144,0.0831296341981221,0.1416843564056661,0.0700655041707515,10_sp_aij_15,5589942,0.1,10,1524,25,50,even
749,30.0,0.1518872744040424,0.1021862779679963,0.0186923659402626,0.0756927994171338,0.1078264785092875,0.0895974203637932,0.1594573068012242,0.1184833091619702,0.168932404541084,0.0728006107166954,10_sp_aij_15,5589942,0.1,10,1524,25,50,even
750,0.0,0.09,0.04,0.07,0.05,0.06,0.03,0.03,0.06,0.06,0.05,10_sp_aij_15,8493390,0.1,10,1524,25,50,even
751,0.6060606060606061,0.0936269614990345,0.0360268819596074,0.0595980615914477,0.0624482424090425,0.0440130261701981,0.0352620321955094,0.03160898166578,0.0929257227399261,0.0728407472038868,0.0492141159371947,10_sp_aij_15,8493390,0.1,10,1524,25,50,even
752,1.2121212121212122,0.0956403005276667,0.0458277065141141,0.0550359691711639,0.0676244018336644,0.0420388133521632,0.0458380794441117,0.0261145174447575,0.1123546556390033,0.0771581381636079,0.0547705021857484,10_sp_aij_15,8493390,0.1,10,1524,25,50,even
753,1.8181818181818183,0.1037725523970404,0.0528464231269636,0.0536300998555024,0.0651548937039603,0.0458417117931619,0.0565289933063421,0.0396277936519098,0.1636566156808455,0.071126557776398,0.0638266037590068,10_sp_aij_15,8493390,0.1,10,1524,25,50,even
754,2.4242424242424243,0.117917112822628,0.0649326200359598,0.0447633852894382,0.0632197347176216,0.0497777401021296,0.0754199202230987,0.0523033089168719,0.162956795449097,0.0701320869412571,0.0545467383517497,10_sp_aij_15,8493390,0.1,10,1524,25,50,even
755,3.0303030303030303,0.1471375417833954,0.0696144287915476,0.0439700527035703,0.0721795311498357,0.0417351653911426,0.0839213521847372,0.0485569444937847,0.1833697463436083,0.0826615727916602,0.0533477845673687,10_sp_aij_15,8493390,0.1,10,1524,25,50,even
756,3.6363636363636367,0.1607866997377816,0.0997336793038909,0.0522767143503287,0.0863862186382772,0.0434166344882292,0.0917395205352689,0.0501024721622288,0.1745442940401672,0.0708349594997825,0.0639527182987813,10_sp_aij_15,8493390,0.1,10,1524,25,50,even
757,4.242424242424242,0.1501314435314731,0.1058932499758895,0.0401988219974369,0.1138838151278089,0.0523269352919038,0.123086097304905,0.0612400800554153,0.175642217157521,0.0980383116214866,0.0607315168566053,10_sp_aij_15,8493390,0.1,10,1524,25,50,even
758,4.848484848484849,0.1866885296560379,0.1174212635378795,0.0354034302573914,0.1077394709130526,0.0468135251010394,0.1388853587702842,0.0741206071395302,0.1929566407242308,0.1101592197646407,0.0641223058777604,10_sp_aij_15,8493390,0.1,10,1524,25,50,even
759,5.454545454545455,0.1510240497267402,0.1364092074739497,0.0395998215704684,0.0933675361351421,0.0572797897967843,0.1536132192675452,0.0882430544690781,0.1987930530610309,0.0893514341438176,0.0681939418264491,10_sp_aij_15,8493390,0.1,10,1524,25,50,even
760,6.0606060606060606,0.1395986816731591,0.1540006958165209,0.0296158792632967,0.1078708126114617,0.041875294181736,0.1410299675550707,0.1017274201431363,0.2005078293431303,0.1035943788728891,0.0609318614418099,10_sp_aij_15,8493390,0.1,10,1524,25,50,even
761,6.666666666666667,0.1151866978800488,0.1623648500089871,0.024740872618056,0.139921285640664,0.0403513661342142,0.1453814340039134,0.129354409494929,0.1545038470345011,0.1121507485061326,0.0636751226577609,10_sp_aij_15,8493390,0.1,10,1524,25,50,even
762,7.272727272727273,0.1230055754758667,0.1416710104831796,0.0213351043670395,0.1020140052343694,0.0433432607493421,0.1154286699223513,0.1244972952830949,0.1278154189288758,0.1599405762374791,0.0793958237104708,10_sp_aij_15,8493390,0.1,10,1524,25,50,even
763,7.878787878787879,0.1181449737076337,0.1477643181845745,0.0212481783645739,0.1106887201132056,0.0540487282075699,0.1385057697495313,0.1389326199257798,0.1182252335655024,0.1457339514785146,0.0689856571632153,10_sp_aij_15,8493390,0.1,10,1524,25,50,even
764,8.484848484848484,0.1416247520175182,0.1435966211355768,0.0218058298653619,0.138198954124377,0.0528652529763783,0.1031312291527776,0.1301080110397204,0.1480293955975755,0.1819003339723026,0.0890280515981796,10_sp_aij_15,8493390,0.1,10,1524,25,50,even
765,9.090909090909092,0.1166957826430853,0.1424727416814648,0.0245399354684071,0.1147835262482192,0.0624196839232544,0.1006047477422922,0.1226374698046775,0.1383525316052791,0.1738295450118013,0.0934142680305702,10_sp_aij_15,8493390,0.1,10,1524,25,50,even
766,9.696969696969695,0.1216748965637683,0.1401180699544863,0.0192841805683889,0.0929572356835833,0.0661977913647564,0.1128891695091757,0.1174951235461775,0.1629258139867014,0.148115024454958,0.1240811846418258,10_sp_aij_15,8493390,0.1,10,1524,25,50,even
767,10.303030303030305,0.0801699579582404,0.1211440117413731,0.0192298606699943,0.0937460887232402,0.0645613034789711,0.0991029797541149,0.1189086088473944,0.2103716544872613,0.171126106012434,0.1135029384835473,10_sp_aij_15,8493390,0.1,10,1524,25,50,even
768,10.90909090909091,0.0761046074879761,0.1145740144331262,0.0161645525492191,0.0955243163658938,0.0677471283148083,0.1191346677860185,0.1074299765238388,0.193465306550964,0.1645245990464942,0.1155573970952249,10_sp_aij_15,8493390,0.1,10,1524,25,50,even
769,11.515151515151516,0.0902429472476943,0.1198670598177317,0.0163684307202807,0.0826408165470517,0.0809495164696213,0.1308348452052871,0.1045124702075094,0.1839259526022432,0.1687093548254764,0.1074194303617045,10_sp_aij_15,8493390,0.1,10,1524,25,50,even
770,12.12121212121212,0.1085725612351204,0.1105704271673826,0.0154726978975076,0.0802054909309739,0.0741256278632418,0.1194127364281887,0.1046319774997334,0.1600432775525684,0.1804055320856623,0.0701422810159256,10_sp_aij_15,8493390,0.1,10,1524,25,50,even
771,12.727272727272728,0.1072917705867979,0.1175230880413568,0.0137802256444626,0.081777410141567,0.1043824166550634,0.11539715533443,0.1125888053836643,0.156037749826978,0.1391407190560835,0.0758507308535635,10_sp_aij_15,8493390,0.1,10,1524,25,50,even
772,13.333333333333334,0.1135075767644505,0.1306656346272133,0.0123548335341254,0.0885793052159935,0.1056377199767454,0.1001349161382833,0.1159479443234517,0.1786137263512492,0.1536824942414059,0.0846685336033452,10_sp_aij_15,8493390,0.1,10,1524,25,50,even
773,13.93939393939394,0.110758871045449,0.1352898738864574,0.0129169355313161,0.1112138655916134,0.1199991333993527,0.1133374743213496,0.126725786427627,0.1488431664751276,0.1802611011424888,0.1070007041887688,10_sp_aij_15,8493390,0.1,10,1524,25,50,even
774,14.545454545454549,0.1008650626473014,0.1329178515193033,0.0154028001175906,0.1089039583570116,0.1191967644535703,0.0989889217705022,0.1125761783818234,0.1420227523942577,0.2175084417920759,0.1042727203496904,10_sp_aij_15,8493390,0.1,10,1524,25,50,even
775,15.151515151515152,0.0872603027394863,0.1442570106938988,0.0213243740491623,0.1053757729181773,0.0912368612253704,0.1022400626557624,0.1133007496842365,0.128015789977735,0.2166407222630348,0.1012109091894086,10_sp_aij_15,8493390,0.1,10,1524,25,50,even
776,15.757575757575758,0.0945906101912771,0.1189634207297378,0.0258053497280132,0.0921711928640643,0.1156729594497137,0.1228097516199083,0.1211574276834909,0.1104548543631149,0.1572179482020282,0.0961908813374427,10_sp_aij_15,8493390,0.1,10,1524,25,50,even
777,16.363636363636363,0.0673130457615799,0.1007098490958082,0.0292301843927574,0.0777912430191663,0.0954945264503083,0.1078149633008742,0.112369167575285,0.1170764159435849,0.1831528343279679,0.1080289896136336,10_sp_aij_15,8493390,0.1,10,1524,25,50,even
778,16.96969696969697,0.048014162462444,0.0963115740359361,0.0312769310854149,0.0794999125924346,0.113056458049415,0.1089405621665403,0.1221565652023552,0.1187712526053835,0.1693516484177223,0.0883023206662489,10_sp_aij_15,8493390,0.1,10,1524,25,50,even
779,17.575757575757578,0.0552232847328412,0.0990647832364272,0.03147165589086,0.0953638429817145,0.1212546477263346,0.1185013053950159,0.1306813825191973,0.1280104143318428,0.1316000615801041,0.0660224738673275,10_sp_aij_15,8493390,0.1,10,1524,25,50,even
780,18.181818181818183,0.0533254505929142,0.0826140207523688,0.0282997689412316,0.0995199577703125,0.1159254455433417,0.1345515101096603,0.1176572486474481,0.1545652179948233,0.1405346317929511,0.0655569953125458,10_sp_aij_15,8493390,0.1,10,1524,25,50,even
781,18.78787878787879,0.0598964549740556,0.0902123223288872,0.032509472777802,0.126548636357362,0.0959183828672633,0.1393614673034009,0.1213290777305531,0.144700895182485,0.1264775230887865,0.0750824923246551,10_sp_aij_15,8493390,0.1,10,1524,25,50,even
782,19.393939393939394,0.0742609651864081,0.0890073657229028,0.034662307014973,0.128894578449032,0.1019716230941621,0.1676327932022143,0.1327411977205613,0.1426939000071997,0.1380583326854249,0.0725829589376071,10_sp_aij_15,8493390,0.1,10,1524,25,50,even
783,20.0,0.0664959778621411,0.1218931765366999,0.0359604893400955,0.1382812036653007,0.0838144685795289,0.1928321014294245,0.1164224857674574,0.1570998922257666,0.1945622571697542,0.0709175194009866,10_sp_aij_15,8493390,0.1,10,1524,25,50,even
784,20.60606060606061,0.0881751980012992,0.115601253287762,0.0308474404923304,0.1027951078051758,0.0746365069467167,0.1753279205718209,0.1484933473598623,0.1406617330611616,0.1910466158477612,0.0544976061045264,10_sp_aij_15,8493390,0.1,10,1524,25,50,even
785,21.21212121212121,0.1270454783812208,0.1008999719519824,0.0351020714781469,0.1177692378404422,0.080113677257386,0.1731155588108872,0.1393545036757995,0.1469799095944494,0.1931781854601492,0.0561401850084558,10_sp_aij_15,8493390,0.1,10,1524,25,50,even
786,21.81818181818182,0.1294336592692028,0.085799497825807,0.0413296495471447,0.1218864855581241,0.0882259240145326,0.1948123273363901,0.1401264742349189,0.1482760453755462,0.187258190211676,0.0532514346987608,10_sp_aij_15,8493390,0.1,10,1524,25,50,even
787,22.424242424242426,0.1086002028645412,0.102300363824817,0.0547167399237479,0.1006552838860016,0.0961552921222001,0.185449975067322,0.1687876043302116,0.1457196112027625,0.2002908871209031,0.0493086229701457,10_sp_aij_15,8493390,0.1,10,1524,25,50,even
788,23.03030303030303,0.0862017717667399,0.1106999573548328,0.04925158962992,0.0855110095213055,0.088096536745819,0.1526089719628979,0.1774881488447804,0.1463854883841268,0.2009056468660978,0.0583832090719253,10_sp_aij_15,8493390,0.1,10,1524,25,50,even
789,23.63636363636364,0.0886320902297262,0.1163770298128108,0.0513727623634504,0.0928348719090081,0.0731992823413064,0.1521784936077488,0.1682505443687246,0.1207422333120917,0.1843935306765705,0.0547816356008136,10_sp_aij_15,8493390,0.1,10,1524,25,50,even
790,24.24242424242424,0.1245740243354619,0.1146909079735892,0.0419040985421536,0.0788988716185247,0.0824938256339299,0.1498193394881095,0.2293495903974837,0.0991280260556984,0.167935214110237,0.0504112171726812,10_sp_aij_15,8493390,0.1,10,1524,25,50,even
791,24.848484848484848,0.1471474578027332,0.1255599013687608,0.0466719727499816,0.0713008279038585,0.1099461808569117,0.1935787820545865,0.2378451582276625,0.0958763750864607,0.1225899178051689,0.0587279878219589,10_sp_aij_15,8493390,0.1,10,1524,25,50,even
792,25.454545454545457,0.1074792162707889,0.1029449893690527,0.0405357237342274,0.087956051538601,0.0958246103725982,0.2081160866586125,0.2213458903249995,0.0929681699997754,0.1150808045018529,0.0695486499046476,10_sp_aij_15,8493390,0.1,10,1524,25,50,even
793,26.060606060606062,0.1130289331836241,0.0765267723627302,0.0293951314026756,0.0930943443084164,0.0833428597118272,0.1935855712940469,0.2018113064746425,0.0817566885503728,0.1553235988419268,0.0663053423468709,10_sp_aij_15,8493390,0.1,10,1524,25,50,even
794,26.666666666666668,0.1159001184725525,0.0723721023116971,0.0290872902871402,0.1154189913980452,0.0731387955070565,0.1429194050830909,0.2267222087536964,0.0930144203611781,0.250813045795453,0.0799729789204192,10_sp_aij_15,8493390,0.1,10,1524,25,50,even
795,27.272727272727277,0.1118799502764285,0.0923427318661366,0.0307118368626808,0.1098539840574431,0.0749144855604319,0.1254197626397667,0.2108298930803053,0.1137610715981801,0.1882057507857702,0.0702022402466167,10_sp_aij_15,8493390,0.1,10,1524,25,50,even
796,27.87878787878788,0.1347958599827779,0.1177453063946702,0.0232267060678078,0.1347870818499003,0.0769428450457471,0.0998350621713422,0.2032339419495069,0.1219332641927644,0.1818229946137016,0.0590593478224417,10_sp_aij_15,8493390,0.1,10,1524,25,50,even
797,28.484848484848484,0.1468997312675384,0.1184565337433528,0.0248379743171669,0.1205138457353369,0.0714518287107074,0.0998496459524962,0.1589365141275675,0.0807810626605688,0.1596847307745999,0.0683924884791404,10_sp_aij_15,8493390,0.1,10,1524,25,50,even
798,29.090909090909093,0.1697526619486863,0.1210248927223799,0.0239401358079722,0.1205606075429549,0.0834799940124623,0.0791537985318084,0.1628203967768782,0.0665509672856728,0.203120175003257,0.0721454267042834,10_sp_aij_15,8493390,0.1,10,1524,25,50,even
799,30.0,0.1429901575013331,0.1194396752552724,0.0317936035330573,0.101828248239586,0.1117350751319789,0.1074166517554049,0.1638526876892521,0.0910216887237821,0.1882432068405788,0.0623859275243656,10_sp_aij_15,8493390,0.1,10,1524,25,50,even
800,0.0,0.09,0.09,0.08,0.08,0.08,0.06,0.04,0.01,0.09,0.02,10_sp_aij_15,8982779,0.1,10,1524,25,50,even
801,0.6060606060606061,0.1118456056730072,0.090676951502315,0.0633365814948729,0.0672369102817247,0.0787232360116422,0.0709278590814823,0.0516509082968985,0.0121726514762013,0.0752782649191409,0.0166610808198913,10_sp_aij_15,8982779,0.1,10,1524,25,50,even
802,1.2121212121212122,0.1553500107500359,0.1003701687840375,0.0528678702094903,0.0628698875598158,0.0790982705326539,0.0654101339762213,0.0670623880421744,0.0136200527198284,0.0769082578491143,0.0162149037758524,10_sp_aij_15,8982779,0.1,10,1524,25,50,even
803,1.8181818181818183,0.1493345273531765,0.09340966232057,0.0433725934972445,0.0712424162538749,0.0981754180661492,0.0593170518781348,0.0675132595894922,0.0191927828428588,0.0873968701604636,0.0216290429179537,10_sp_aij_15,8982779,0.1,10,1524,25,50,even
804,2.4242424242424243,0.1788622073319774,0.0913951701192605,0.0367079900709407,0.0602690862709102,0.0914448826102748,0.0668650010635113,0.0778992729402922,0.0246567162888274,0.0768544373979761,0.0272137528904696,10_sp_aij_15,8982779,0.1,10,1524,25,50,even
805,3.0303030303030303,0.1726647332098817,0.0907032775106008,0.0349522079236189,0.0723522139171721,0.0983372782595198,0.0843801976063399,0.0892349618054378,0.0271164495874727,0.0795832613970299,0.0370534275295634,10_sp_aij_15,8982779,0.1,10,1524,25,50,even
806,3.6363636363636367,0.1276158458539183,0.1076051358926337,0.0345346882354216,0.0689744679992607,0.0692331976126913,0.0848886659598586,0.1117536642638506,0.0382086571786088,0.0774091668569236,0.0474522066601411,10_sp_aij_15,8982779,0.1,10,1524,25,50,even
807,4.242424242424242,0.1523216958465166,0.1087871228644647,0.0323653183065991,0.0734744561599804,0.0832372439071891,0.0802387733887416,0.1559588803554641,0.0401233456860282,0.0855116576636171,0.0560642320744754,10_sp_aij_15,8982779,0.1,10,1524,25,50,even
808,4.848484848484849,0.1911806275551169,0.1045046699458006,0.026210057410067,0.089095105398826,0.1049841905078583,0.092836049565011,0.1577904025644126,0.0539387372788198,0.0842168049550787,0.0603046844774422,10_sp_aij_15,8982779,0.1,10,1524,25,50,even
809,5.454545454545455,0.1862698590322461,0.1106060746441501,0.0220759414291004,0.1114458257627955,0.1073251907666,0.1061477437493488,0.152664361503292,0.0604254716319064,0.0875932817168226,0.0756104490848135,10_sp_aij_15,8982779,0.1,10,1524,25,50,even
810,6.0606060606060606,0.1700986711487714,0.0978800248895418,0.0165140789831492,0.112538126757313,0.1390837957285071,0.1211436949387023,0.1109534501800465,0.0768323862256375,0.0822118226798363,0.0732631320813774,10_sp_aij_15,8982779,0.1,10,1524,25,50,even
811,6.666666666666667,0.1693295932232041,0.0956095333389308,0.0124450731936203,0.1295253236591775,0.108440539310621,0.1101841439672023,0.1294527942586138,0.096474462796824,0.097682583220369,0.0643216183534693,10_sp_aij_15,8982779,0.1,10,1524,25,50,even
812,7.272727272727273,0.1394804947928793,0.0805437785592991,0.013505601304903,0.1286944216410996,0.1128372260212812,0.1133989809216625,0.1342315812231534,0.1031258488027056,0.1252501684076289,0.0889032359803067,10_sp_aij_15,8982779,0.1,10,1524,25,50,even
813,7.878787878787879,0.1147322669472559,0.0957539783221557,0.0120472220086214,0.1438482698963119,0.1216058348631606,0.0890010954882927,0.106562531623371,0.0948704086504098,0.1526785053211662,0.1008630461152158,10_sp_aij_15,8982779,0.1,10,1524,25,50,even
814,8.484848484848484,0.101158889367189,0.0953552856321054,0.0120675881287825,0.1213365051526209,0.1143703420502557,0.0898313373029943,0.1156187315429336,0.1273956198774747,0.1762791140078852,0.1033610042364136,10_sp_aij_15,8982779,0.1,10,1524,25,50,even
815,9.090909090909092,0.0818684459323944,0.0941851879033442,0.0129233882327729,0.119498291807952,0.128166306936176,0.1190502135851257,0.1048909849142539,0.1255347646311471,0.2078244378299641,0.0937112118108428,10_sp_aij_15,8982779,0.1,10,1524,25,50,even
816,9.696969696969695,0.0785536208185021,0.0846626913665483,0.015594059581739,0.0719454145773012,0.1123755351440315,0.1385049374856566,0.1092944392695187,0.1583126110611687,0.2173406136855566,0.0988816614540588,10_sp_aij_15,8982779,0.1,10,1524,25,50,even
817,10.303030303030305,0.0768659934901034,0.0795974032206931,0.0216763982175797,0.0856171124915132,0.1173079550929076,0.1261565728166118,0.1260009905657964,0.1365162057302625,0.1782972741580148,0.101680398665408,10_sp_aij_15,8982779,0.1,10,1524,25,50,even
818,10.90909090909091,0.0961157211258768,0.0824636258715903,0.0265224095760513,0.0990377451007783,0.1326836779988391,0.1115658834171669,0.1204006649013226,0.1536968017025805,0.1801819963500192,0.0913779512809358,10_sp_aij_15,8982779,0.1,10,1524,25,50,even
819,11.515151515151516,0.0823992422933546,0.1065891055428542,0.0258799594162776,0.1072731252127319,0.1217714531899445,0.1030204722597599,0.1003308317570276,0.1622820744579641,0.1753844072929921,0.0850174728329527,10_sp_aij_15,8982779,0.1,10,1524,25,50,even
820,12.12121212121212,0.0919339836190018,0.1044983561172001,0.0256954060424262,0.1275290284553802,0.1086872150203669,0.1015869430246946,0.1474839855343504,0.1223188305364012,0.2078552604275759,0.0778321088387294,10_sp_aij_15,8982779,0.1,10,1524,25,50,even
821,12.727272727272728,0.0964492770685946,0.1156861754965979,0.0285568424590464,0.1171265788938565,0.1005863820180416,0.1102085957158437,0.1549727079174578,0.0895596168202798,0.2416671783719552,0.0878367949316224,10_sp_aij_15,8982779,0.1,10,1524,25,50,even
822,13.333333333333334,0.0877104108447219,0.114153796699445,0.0300447724063105,0.1316990514537943,0.1011397315432785,0.1035439163573315,0.1637565112523752,0.1109563339664194,0.2130830505604246,0.0846115593956634,10_sp_aij_15,8982779,0.1,10,1524,25,50,even
823,13.93939393939394,0.0952257383616111,0.104701514355908,0.0281291103464878,0.1420866853451127,0.0878349232848564,0.1080849325428641,0.1619303593776509,0.1210552984276191,0.1736635812010719,0.0658585162871761,10_sp_aij_15,8982779,0.1,10,1524,25,50,even
824,14.545454545454549,0.1137407675988638,0.095302549062962,0.0295226969225155,0.1233295192453105,0.0975867526363195,0.1515105546191592,0.1422754331249297,0.1199229446756806,0.1946181426556281,0.0494648763487767,10_sp_aij_15,8982779,0.1,10,1524,25,50,even
825,15.151515151515152,0.0949518313935831,0.1038387006938051,0.0259481867502856,0.1340822780138803,0.0903623330155782,0.1694057197078483,0.1924795073426106,0.1224693170764325,0.1805471895685771,0.0574642458206786,10_sp_aij_15,8982779,0.1,10,1524,25,50,even
826,15.757575757575758,0.0919454674921414,0.1378155036131289,0.0236164519832363,0.1234363252810766,0.0838334509341661,0.1727206004465972,0.2523368151644224,0.1009573254177569,0.1792395355880681,0.0488348902845374,10_sp_aij_15,8982779,0.1,10,1524,25,50,even
827,16.363636363636363,0.1023278125351085,0.1416428909583598,0.0245021895660049,0.1264817671118987,0.1070467892682191,0.1765771770522418,0.3093872190966459,0.0842397770254044,0.1767290030183789,0.0493516414164614,10_sp_aij_15,8982779,0.1,10,1524,25,50,even
828,16.96969696969697,0.0967892378134736,0.1334450945746158,0.0256209990922975,0.1482323748989528,0.1003775543342698,0.239691341174877,0.2483246730487288,0.1041225234025737,0.1630641031909489,0.0494129936502632,10_sp_aij_15,8982779,0.1,10,1524,25,50,even
829,17.575757575757578,0.0921110636259205,0.2001847019753467,0.0253405724560978,0.1402994816280795,0.0803044940794257,0.1960411227764216,0.2254802772564991,0.1016867511273665,0.1449282540417966,0.0513219110436255,10_sp_aij_15,8982779,0.1,10,1524,25,50,even
830,18.181818181818183,0.0929779506258246,0.1970445360378157,0.0212492438519001,0.1177843858695745,0.0904181438157657,0.2040988022157997,0.2179455514887256,0.0806497859392803,0.1330838770825851,0.0682249019167794,10_sp_aij_15,8982779,0.1,10,1524,25,50,even
831,18.78787878787879,0.112760034703277,0.1806617876727972,0.0193408768172441,0.1334501029065489,0.0874443827282827,0.1678274496012089,0.2254848969927669,0.090264277842101,0.1582250311732103,0.0748667431390931,10_sp_aij_15,8982779,0.1,10,1524,25,50,even
832,19.393939393939394,0.1392192983148262,0.1666234312874223,0.0235574920997689,0.1401448054922422,0.0757586505699299,0.1612244735132748,0.2081028176327979,0.0774961299994681,0.1930096545692702,0.0832599778278574,10_sp_aij_15,8982779,0.1,10,1524,25,50,even
833,20.0,0.1333388918254707,0.1694982565147502,0.0215314439446438,0.1272484865637221,0.0863576407939676,0.1606260077055201,0.1740343519092101,0.0992876340255188,0.1864161197945132,0.0768713234315039,10_sp_aij_15,8982779,0.1,10,1524,25,50,even
834,20.60606060606061,0.1447767542290438,0.1204303626075466,0.0272036381110126,0.1027737412888722,0.1035794360322,0.1308005250474786,0.177398341008845,0.0863421229177321,0.2203514592573526,0.0866022309116982,10_sp_aij_15,8982779,0.1,10,1524,25,50,even
835,21.21212121212121,0.1166782162235072,0.1229781694433707,0.0293461731873069,0.0687440707585757,0.1049749636477483,0.1223326388596187,0.2136070803491089,0.0984819464392739,0.1833782342191112,0.0805463395882408,10_sp_aij_15,8982779,0.1,10,1524,25,50,even
836,21.81818181818182,0.1039151456070186,0.1361351616016206,0.0194422867080659,0.0800230246939956,0.0976016458890345,0.1187629496688724,0.2188518563204386,0.0698048911895841,0.1998721712009978,0.0660660798234724,10_sp_aij_15,8982779,0.1,10,1524,25,50,even
837,22.424242424242426,0.1055187622504516,0.1306973664627984,0.0204281560536488,0.063889723646145,0.1145057059673519,0.1170003308805806,0.2099716982971622,0.0667081512456367,0.219817336944135,0.0547393187825915,10_sp_aij_15,8982779,0.1,10,1524,25,50,even
838,23.03030303030303,0.097388947288972,0.1099407065112021,0.0183134683962699,0.085127341247478,0.1086343143508952,0.126612792670038,0.2047690056956463,0.0563446188888548,0.2243396520621703,0.0521414791535794,10_sp_aij_15,8982779,0.1,10,1524,25,50,even
839,23.63636363636364,0.1019782989078695,0.1509177074067897,0.0178663777631327,0.0786407915455106,0.1177674524196873,0.1009598691050906,0.2207504481283403,0.0473245669427076,0.1712505192712279,0.0558947645879342,10_sp_aij_15,8982779,0.1,10,1524,25,50,even
840,24.24242424242424,0.1167993700999207,0.1199312034362744,0.0190118851729531,0.063083577471838,0.1426018200124306,0.1027686205943647,0.1663858127243757,0.0453136465013681,0.152254011109302,0.0619961606250071,10_sp_aij_15,8982779,0.1,10,1524,25,50,even
841,24.848484848484848,0.1148822498728569,0.0997703727906935,0.0199020865727813,0.0670203233014468,0.1477326255112657,0.1093031738092846,0.158321197340729,0.0557723134030855,0.149383566926746,0.0673337258440295,10_sp_aij_15,8982779,0.1,10,1524,25,50,even
842,25.454545454545457,0.1140330727134464,0.0782819436759247,0.0242620912795274,0.0649465067928094,0.1393351727991148,0.1000150826851396,0.1544457449800884,0.0683911640421795,0.140949523154011,0.0689929620060458,10_sp_aij_15,8982779,0.1,10,1524,25,50,even
843,26.060606060606062,0.1141364235620358,0.0893214670009419,0.0258521745964498,0.0817904183072884,0.1511901070413218,0.1173975568216528,0.1668915581717688,0.0520709746853486,0.1460790361510301,0.0723245889361412,10_sp_aij_15,8982779,0.1,10,1524,25,50,even
844,26.666666666666668,0.1235724697100423,0.0688901214420725,0.0282411912256851,0.0725992138580934,0.1350099135209019,0.0988282631406239,0.166845766516129,0.0647762149526726,0.1614070608462201,0.0608452032123007,10_sp_aij_15,8982779,0.1,10,1524,25,50,even
845,27.272727272727277,0.115029434164097,0.061534726308839,0.0263224405497385,0.0606486751516721,0.127653070416759,0.1123372438342057,0.1585563663807989,0.0758072262301604,0.1940672336313145,0.0611009684780906,10_sp_aij_15,8982779,0.1,10,1524,25,50,even
846,27.87878787878788,0.1059144641238735,0.0598529678002246,0.0239623457984381,0.0648839010429178,0.1130531283667586,0.1208269166976402,0.1755871074848212,0.0666876778211117,0.2124118477023538,0.061056616313878,10_sp_aij_15,8982779,0.1,10,1524,25,50,even
847,28.484848484848484,0.1192746039960741,0.0706545576358163,0.028426484173606,0.0565851934933034,0.1021684504991644,0.1210949567574002,0.2208329277814738,0.0656370662300156,0.2229863364620869,0.0717965116365071,10_sp_aij_15,8982779,0.1,10,1524,25,50,even
848,29.090909090909093,0.151333008600335,0.0701899115777387,0.0399099892053757,0.0588458329046403,0.119584119510576,0.1547403759411053,0.2593455389120846,0.0714967752884508,0.1685244814021474,0.0841541999357329,10_sp_aij_15,8982779,0.1,10,1524,25,50,even
849,30.0,0.1283141284366745,0.0722550270883076,0.0373939640754577,0.0733213837892899,0.1261551657971346,0.1055841050203883,0.1991283579349901,0.0834003180466748,0.1355379233823581,0.0787997079603542,10_sp_aij_15,8982779,0.1,10,1524,25,50,even
850,0.0,0.06,0.08,0.04,0.05,0.07,0.09,0.05,0.09,0.04,0.05,10_sp_aij_15,9036584,0.1,10,1524,25,50,even
851,0.6060606060606061,0.0963067975561023,0.0649051236812197,0.0369610823416578,0.0577662358749183,0.0899360793020541,0.1226454387108492,0.0622453960496214,0.0925650543589157,0.0439084454485365,0.047696679316346,10_sp_aij_15,9036584,0.1,10,1524,25,50,even
852,1.2121212121212122,0.1126781385209246,0.0803392802398177,0.0338504850600236,0.0735563486167276,0.0984664652711852,0.1162951690587837,0.0618635245726843,0.1120784171281584,0.0437359184133728,0.0431387861744433,10_sp_aij_15,9036584,0.1,10,1524,25,50,even
853,1.8181818181818183,0.1013495081310344,0.0735641169890967,0.0351934005432197,0.0853126642503392,0.106876135267333,0.1229196956517056,0.068893545693119,0.1085941247399776,0.0562656567742938,0.0489190904096005,10_sp_aij_15,9036584,0.1,10,1524,25,50,even
854,2.4242424242424243,0.09871482554852,0.0819858069806294,0.0314077477163442,0.0767072775446911,0.1090237213679113,0.1305693461081359,0.0872781846292205,0.1148204489140829,0.0752955787906827,0.057147862377136,10_sp_aij_15,9036584,0.1,10,1524,25,50,even
855,3.0303030303030303,0.1016911941347307,0.0799367263598058,0.0354261245855346,0.0719074258298276,0.112704227845604,0.1426734590704748,0.1081996273232766,0.1343983649303221,0.086110481908707,0.0707454216759472,10_sp_aij_15,9036584,0.1,10,1524,25,50,even
856,3.6363636363636367,0.1057425131334426,0.0730266568702474,0.0301110067279975,0.0716998657415663,0.1024887162987037,0.1431100638046647,0.1102106038894516,0.1021216841643371,0.0951986519534786,0.0764299750884233,10_sp_aij_15,9036584,0.1,10,1524,25,50,even
857,4.242424242424242,0.1083321420556844,0.0614178080978502,0.0359459456350305,0.0864494122822291,0.1445777293783445,0.1848998287237195,0.1440153937710296,0.1131533867191316,0.1228292377952167,0.0675782002911863,10_sp_aij_15,9036584,0.1,10,1524,25,50,even
858,4.848484848484849,0.0786819694150172,0.0591295966367242,0.0346072614693531,0.0888357384866885,0.1400861688505264,0.1546339875232132,0.1598211216506953,0.1257962689754838,0.2077894507110396,0.0625656268414133,10_sp_aij_15,9036584,0.1,10,1524,25,50,even
859,5.454545454545455,0.0817006164387514,0.0636995762933642,0.0366032032057995,0.075282389409911,0.1090481800454123,0.1589722152200471,0.2171103709697761,0.1148274159802372,0.1909208761053921,0.0565418310628232,10_sp_aij_15,9036584,0.1,10,1524,25,50,even
860,6.0606060606060606,0.0905214382319724,0.0833408564691364,0.0320296418305392,0.0698620766137695,0.0751936530386073,0.1990507179244242,0.2007941165842722,0.115706740303083,0.2012147145552929,0.0569202469854306,10_sp_aij_15,9036584,0.1,10,1524,25,50,even
861,6.666666666666667,0.0861267596505021,0.0927701302256157,0.0427552719633652,0.0596705600601674,0.0926552419491748,0.1846457797623186,0.1788527242932822,0.0990154825809183,0.2436103828799249,0.041280320463842,10_sp_aij_15,9036584,0.1,10,1524,25,50,even
862,7.272727272727273,0.0785704678863843,0.0663635360157096,0.0399832294132328,0.0629025657084714,0.0897522696521105,0.1608761177730216,0.1972461594464622,0.0898298399299235,0.2010054345222684,0.0411792288282741,10_sp_aij_15,9036584,0.1,10,1524,25,50,even
863,7.878787878787879,0.0915364424062948,0.0709829223728623,0.0396410486512101,0.0657812014002404,0.0779017029269793,0.1341430169134225,0.1713691129173869,0.0863428802902015,0.1978502629314357,0.0342421803313002,10_sp_aij_15,9036584,0.1,10,1524,25,50,even
864,8.484848484848484,0.1050034065219598,0.0609183435348286,0.0388944135107364,0.0799658665897931,0.0836822546306466,0.1392650820705379,0.1686303253051563,0.0817554378876169,0.1382068278117716,0.0329187362443789,10_sp_aij_15,9036584,0.1,10,1524,25,50,even
865,9.090909090909092,0.1061059065794891,0.0648133046641302,0.0317787794430394,0.0824293544536127,0.0751207472343774,0.1560398180498463,0.1840539773680473,0.0816726205791396,0.1539970982478497,0.0270523352616662,10_sp_aij_15,9036584,0.1,10,1524,25,50,even
866,9.696969696969695,0.1152317807397031,0.0575694723465774,0.0340295438226193,0.0837481389051876,0.0823109703090755,0.1805452192116565,0.2052297046822284,0.0877386364946749,0.1334985095519201,0.0310303536512641,10_sp_aij_15,9036584,0.1,10,1524,25,50,even
867,10.303030303030305,0.1359185369478384,0.0748976020013727,0.0313179625608208,0.0893121490826109,0.0644473017826184,0.1647894924101563,0.1566119977149701,0.0770970422688038,0.1442392637889355,0.0278362035115358,10_sp_aij_15,9036584,0.1,10,1524,25,50,even
868,10.90909090909091,0.1313719542870891,0.1042767353929049,0.0277286328459199,0.0908190066579194,0.0598071743692257,0.1794638627496424,0.1515141959219526,0.0707361587540915,0.1519747118538781,0.0276649496666004,10_sp_aij_15,9036584,0.1,10,1524,25,50,even
869,11.515151515151516,0.1254623752343816,0.1158898628847839,0.0226491800832739,0.0910053923408361,0.0742573222659857,0.1700961423911347,0.1703107962552962,0.0870059818558589,0.1621792090792526,0.0343181373505122,10_sp_aij_15,9036584,0.1,10,1524,25,50,even
870,12.12121212121212,0.1020250584747107,0.1412005216290722,0.0227127471339399,0.0774213408613371,0.07299613168433,0.1640382138997656,0.1542038954316436,0.0710567095738811,0.1513419207570348,0.030107313451238,10_sp_aij_15,9036584,0.1,10,1524,25,50,even
871,12.727272727272728,0.1351424860231855,0.1611510232529795,0.0243475088229604,0.0815763271527595,0.0775434782912291,0.1556870389064476,0.1680307956810127,0.0853863396111621,0.1404441644936454,0.0338011533745336,10_sp_aij_15,9036584,0.1,10,1524,25,50,even
872,13.333333333333334,0.138267895843591,0.1325868722749451,0.0215769116257235,0.099374502735697,0.0658222736084494,0.1597032236157326,0.1720304956665617,0.1004186384160617,0.1458127374014882,0.0336987507913172,10_sp_aij_15,9036584,0.1,10,1524,25,50,even
873,13.93939393939394,0.1520354349097561,0.1138403617557823,0.0204264707487711,0.1227662259030381,0.0748702517843283,0.1776987070212875,0.1431821754702682,0.0930228980247224,0.1601125157664022,0.0413578155819634,10_sp_aij_15,9036584,0.1,10,1524,25,50,even
874,14.545454545454549,0.1350610394130936,0.1029982294362466,0.018101340860147,0.0994807012508289,0.0770776360354249,0.2008227928213658,0.1532760306025615,0.1057377095235943,0.2114796716432051,0.0519057336277164,10_sp_aij_15,9036584,0.1,10,1524,25,50,even
875,15.151515151515152,0.1044244237455108,0.0965144351492017,0.013040231762748,0.084794222141732,0.0729418742170728,0.1699560487137688,0.1430047656055528,0.1127092594116612,0.1856368061913151,0.0654617264459545,10_sp_aij_15,9036584,0.1,10,1524,25,50,even
876,15.757575757575758,0.1262131643402121,0.1036284840938011,0.0145886702070316,0.0583265810345854,0.0759783486687964,0.1685171564965509,0.1679905040230687,0.1197811185390354,0.1795214039202596,0.0590543358239235,10_sp_aij_15,9036584,0.1,10,1524,25,50,even
877,16.363636363636363,0.1322687287094906,0.1309686268362586,0.0156319237885571,0.074859550970101,0.0942198877400851,0.141597495277239,0.2250212274361938,0.1389818484437733,0.1782877930944486,0.0574787625215377,10_sp_aij_15,9036584,0.1,10,1524,25,50,even
878,16.96969696969697,0.1580837909765195,0.1136693285775552,0.0100936525047869,0.100965122640338,0.0945672185156979,0.1497020229712321,0.1972196612831926,0.1172602665615592,0.1857261724028627,0.0537227763848736,10_sp_aij_15,9036584,0.1,10,1524,25,50,even
879,17.575757575757578,0.1535174874469114,0.1183579209910123,0.0115809848921987,0.1218966211764371,0.0966598796759759,0.1743614438162861,0.1640346012031871,0.1504688461391267,0.1945536489226897,0.0567487188528004,10_sp_aij_15,9036584,0.1,10,1524,25,50,even
880,18.181818181818183,0.1469901537878434,0.100724060157959,0.0133565139018656,0.1243541002487307,0.1081577156966142,0.1565649227920404,0.1456985445700587,0.1791089527753817,0.203854473979312,0.0606643714064824,10_sp_aij_15,9036584,0.1,10,1524,25,50,even
881,18.78787878787879,0.1188388510231404,0.096379208831015,0.0141874683476082,0.1011170101913362,0.0776995774902036,0.1641428123058464,0.1544563916755004,0.2123049777863197,0.2012922083488256,0.0529831992515777,10_sp_aij_15,9036584,0.1,10,1524,25,50,even
882,19.393939393939394,0.1278651138670811,0.1127207603817833,0.0139091658664764,0.1091096462360031,0.0680040607769782,0.1466587871047553,0.14010414314469,0.1679725775567139,0.1910505852662752,0.0525696458894579,10_sp_aij_15,9036584,0.1,10,1524,25,50,even
883,20.0,0.1134463304481282,0.1190988233685852,0.016025363107232,0.1105500394522571,0.0699457887441063,0.158763650684233,0.1136075169211432,0.1175170407134721,0.1468367779948,0.0467451350561003,10_sp_aij_15,9036584,0.1,10,1524,25,50,even
884,20.60606060606061,0.1294745996505828,0.1240903377169647,0.0111084953691573,0.0969614284063085,0.0689847526184792,0.1793742385321333,0.1211470557240756,0.1669618843519632,0.1602079303320009,0.0471834350949867,10_sp_aij_15,9036584,0.1,10,1524,25,50,even
885,21.21212121212121,0.1292151249049624,0.1446133443291801,0.0093351432624996,0.0976831106720572,0.0826917556950736,0.1802216232645517,0.118163825363801,0.1780038306975072,0.1764172007207427,0.054931606655413,10_sp_aij_15,9036584,0.1,10,1524,25,50,even
886,21.81818181818182,0.1154782908598826,0.1509080659075231,0.0093530531754506,0.1062799062378268,0.0854199311858397,0.1849227377877806,0.1187618363637343,0.1411120917808528,0.2289420268614031,0.0505753065958133,10_sp_aij_15,9036584,0.1,10,1524,25,50,even
887,22.424242424242426,0.1306714496909047,0.125249407033333,0.0105397476033264,0.1038346405457454,0.0882335956860346,0.1875104861294927,0.1435624003798883,0.1376026445394154,0.2059509945430201,0.0524602193456872,10_sp_aij_15,9036584,0.1,10,1524,25,50,even
888,23.03030303030303,0.1205583580559918,0.1126665626582682,0.0114126534031035,0.100454112442702,0.1125565295077707,0.2098382276064943,0.1490909616402259,0.1577520273725951,0.2171112537543097,0.062823845628564,10_sp_aij_15,9036584,0.1,10,1524,25,50,even
889,23.63636363636364,0.1079732248036503,0.0982333190543447,0.0146868137765406,0.0885690635662823,0.0887456454018735,0.1658280949075208,0.1724410155942886,0.1647997466489446,0.2187118217057408,0.0513868776339132,10_sp_aij_15,9036584,0.1,10,1524,25,50,even
890,24.24242424242424,0.1105959265991398,0.0876284593627399,0.0171584257833407,0.1006100547214544,0.0896849437718629,0.1929626659869576,0.1705482877204224,0.1752568292486261,0.1879277212056397,0.0419627651015255,10_sp_aij_15,9036584,0.1,10,1524,25,50,even
891,24.848484848484848,0.1533098812865301,0.0846685884962162,0.0118026190424745,0.0940121262597652,0.0774132563428707,0.1364242166838403,0.1809955836073551,0.1299072902399999,0.1656107248170847,0.0341015266011014,10_sp_aij_15,9036584,0.1,10,1524,25,50,even
892,25.454545454545457,0.1681394137675783,0.0927128786617821,0.0160308071610267,0.0814998682978195,0.0841606723958559,0.1663061770136123,0.1925182855070087,0.1111922907247744,0.1660479253919209,0.0396090753223557,10_sp_aij_15,9036584,0.1,10,1524,25,50,even
893,26.060606060606062,0.1636320371777871,0.1270827936559138,0.0118997716337537,0.086726806024393,0.0872538618246927,0.1882250480781058,0.1828185585114459,0.1265271068213964,0.1732831218333278,0.0415325536557728,10_sp_aij_15,9036584,0.1,10,1524,25,50,even
894,26.666666666666668,0.130758698507081,0.1078724440872992,0.0137690803214217,0.1072672629101499,0.0921659352459068,0.1738899006863118,0.1889549482345527,0.1304837591680537,0.1849202097178777,0.0487633083597036,10_sp_aij_15,9036584,0.1,10,1524,25,50,even
895,27.272727272727277,0.1061587338362375,0.1057809893042819,0.0170697079722167,0.1041858774050848,0.1044112736785184,0.1720828242270197,0.2146729165835383,0.1015157368306303,0.1917484621145011,0.0457359618222273,10_sp_aij_15,9036584,0.1,10,1524,25,50,even
896,27.87878787878788,0.0845529276701142,0.1028765538390035,0.0189821503794126,0.0935158029782022,0.0852383661021083,0.2103311835159925,0.2342774349747568,0.1125178837208015,0.2344580066147088,0.0500390865364447,10_sp_aij_15,9036584,0.1,10,1524,25,50,even
897,28.484848484848484,0.0825488607507757,0.1075439565705801,0.0183374751046386,0.0800370285450277,0.1004765282207443,0.2391515472406389,0.1837844196389882,0.1022336830645951,0.1829597667049381,0.0421163832702512,10_sp_aij_15,9036584,0.1,10,1524,25,50,even
898,29.090909090909093,0.0927385864576791,0.1128324409113572,0.020891933686433,0.1038003931540995,0.0853286130985313,0.2200980515668791,0.2042207982377427,0.102087786700599,0.1978123491845529,0.0441292268668636,10_sp_aij_15,9036584,0.1,10,1524,25,50,even
899,30.0,0.0873210104376003,0.092729594428898,0.0240389407899305,0.1117014813579344,0.0604637424011793,0.208681916586129,0.2077926218527046,0.1131765568090414,0.1607526582121768,0.0450508914988954,10_sp_aij_15,9036584,0.1,10,1524,25,50,even
900,0.0,0.09,0.09,0.01,0.06,0.03,0.04,0.04,0.04,0.04,0.01,10_sp_aij_15,9275155,0.1,10,1524,25,50,even
901,0.6060606060606061,0.1170432936618934,0.0862848402732794,0.0071044390980546,0.0676383218227698,0.035644256240342,0.0477040473599023,0.0514182795253238,0.0458608894594973,0.0373733007068129,0.0120186982138997,10_sp_aij_15,9275155,0.1,10,1524,25,50,even
902,1.2121212121212122,0.1274985038365211,0.0941165401117393,0.0055173841994989,0.068141193627957,0.0416115593330169,0.0516214797227364,0.0550436688408503,0.0648271641382361,0.0442360990473588,0.0122083426167913,10_sp_aij_15,9275155,0.1,10,1524,25,50,even
903,1.8181818181818183,0.128275064471516,0.1471014505157169,0.0038467937478003,0.0612631797036678,0.0466697427041049,0.0570880109218447,0.0494090629314721,0.0799172019174477,0.0335450865796543,0.0118417151729541,10_sp_aij_15,9275155,0.1,10,1524,25,50,even
904,2.4242424242424243,0.1364067005569754,0.1372583156847798,0.0031730118428143,0.070590491275175,0.0646186193327888,0.0742047483844121,0.051307312852643,0.0902607599721027,0.0482947386862976,0.0141257134941168,10_sp_aij_15,9275155,0.1,10,1524,25,50,even
905,3.0303030303030303,0.1725196386343592,0.1542508745644815,0.0025835464635463,0.0615781583878814,0.0700036478301745,0.0799870806307006,0.0475435089847368,0.0923207459801598,0.0559671143005326,0.0153344358031882,10_sp_aij_15,9275155,0.1,10,1524,25,50,even
906,3.6363636363636367,0.1734408159719166,0.1311304144816745,0.0027745294579234,0.0808826859318493,0.1037339772255176,0.0905056338016688,0.0575984434656996,0.1108879869500939,0.0742106946299986,0.0202558406191416,10_sp_aij_15,9275155,0.1,10,1524,25,50,even
907,4.242424242424242,0.1504116664140637,0.1157794962594728,0.0026981769686209,0.0794346314700514,0.1129648894502305,0.1069529780105471,0.0828880452018859,0.113030007986371,0.0778577332331919,0.0272060955238127,10_sp_aij_15,9275155,0.1,10,1524,25,50,even
908,4.848484848484849,0.1525442910785313,0.1213237209160837,0.0026369173282247,0.0812287361617332,0.140118393922307,0.1050231565974451,0.086523772333559,0.1233789188080928,0.082209870354212,0.027701256027793,10_sp_aij_15,9275155,0.1,10,1524,25,50,even
909,5.454545454545455,0.1605269067756714,0.1186402153030095,0.0,0.1067213157740996,0.1725329233653205,0.107106248922806,0.0891164390137388,0.1672366165696442,0.1050679469541121,0.0331331552795619,10_sp_aij_15,9275155,0.1,10,1524,25,50,even
910,6.0606060606060606,0.1079549294005742,0.1098351428115047,0.0,0.1130851473027672,0.1701275044590114,0.1216210713782499,0.0978573836646307,0.1395866231331783,0.1479479713373846,0.040311872485254,10_sp_aij_15,9275155,0.1,10,1524,25,50,even
911,6.666666666666667,0.1108154352576102,0.0755506673864499,0.0,0.1033067246367947,0.1204564301013431,0.1275680060005225,0.1369364553930825,0.1518825942155177,0.1692569305639237,0.0344788899194275,10_sp_aij_15,9275155,0.1,10,1524,25,50,even
912,7.272727272727273,0.0917597805533124,0.1017025355583775,0.0,0.0917389399471481,0.1172573094369153,0.1452795144857947,0.1320178491458717,0.1644803634651048,0.1939488616045749,0.0294550551359795,10_sp_aij_15,9275155,0.1,10,1524,25,50,even
913,7.878787878787879,0.0926918255159504,0.1113354078311255,0.0,0.123191692210964,0.0812404492689897,0.1536609207403863,0.1299388344614482,0.1790438286190391,0.1856920983651416,0.0398230426708206,10_sp_aij_15,9275155,0.1,10,1524,25,50,even
914,8.484848484848484,0.0845879013650172,0.1014645809978616,0.0,0.0963562649375764,0.0652103288540295,0.1896647139876498,0.1423662711434446,0.1442637867505183,0.1933041066318885,0.0388543452626564,10_sp_aij_15,9275155,0.1,10,1524,25,50,even
915,9.090909090909092,0.0841620495704208,0.1017997073182824,0.0,0.1171416493044481,0.0636697304627154,0.2042083524972482,0.108147842704021,0.1246305840635936,0.1880669598084908,0.0400903332364904,10_sp_aij_15,9275155,0.1,10,1524,25,50,even
916,9.696969696969695,0.1060993649628645,0.102488400343857,0.0,0.1174012207954536,0.0728381685121337,0.2145899943390924,0.1169539868103553,0.1043199276227443,0.1911897975493079,0.0411545552284634,10_sp_aij_15,9275155,0.1,10,1524,25,50,even
917,10.303030303030305,0.0948649235450509,0.0810079556708628,0.0,0.1093992488530152,0.0781365243097871,0.1737249159832608,0.1237496104010658,0.107172595218842,0.167980588559709,0.0423246157425389,10_sp_aij_15,9275155,0.1,10,1524,25,50,even
918,10.90909090909091,0.111791288239969,0.0678669373733087,0.0,0.111918996321227,0.0688039313403419,0.2179922618697127,0.1158227282916688,0.081032206417693,0.1134887929893339,0.0487900927773019,10_sp_aij_15,9275155,0.1,10,1524,25,50,even
919,11.515151515151516,0.1492673129403184,0.0786968505710121,0.0,0.1034975889830912,0.0734543695264357,0.1764179718158626,0.1079938927363925,0.0919723345106805,0.1379453582053283,0.0597120452668836,10_sp_aij_15,9275155,0.1,10,1524,25,50,even
920,12.12121212121212,0.1297884637824834,0.0856458961757795,0.0,0.1103400549920758,0.075513020309684,0.1945993260445326,0.1525575680325562,0.1224137259071292,0.123462569869383,0.07264208215786,10_sp_aij_15,9275155,0.1,10,1524,25,50,even
921,12.727272727272728,0.1363091491439454,0.0856207854996194,0.0,0.1083955125571556,0.1033752360697333,0.190661818756885,0.2167057491900637,0.1285348799948277,0.1545048184835082,0.0734208885815575,10_sp_aij_15,9275155,0.1,10,1524,25,50,even
922,13.333333333333334,0.1176230395552225,0.0902889515542251,0.0,0.1058459409396427,0.0898704414670126,0.2150056736819041,0.2284596241518647,0.1124534807592513,0.1571483437437946,0.0680870345845682,10_sp_aij_15,9275155,0.1,10,1524,25,50,even
923,13.93939393939394,0.1381509498840236,0.0882467276596709,0.0,0.1250587861145681,0.0869238779095451,0.2027976253064806,0.2301528787611492,0.1277624163649389,0.1341005033732582,0.0625203264313534,10_sp_aij_15,9275155,0.1,10,1524,25,50,even
924,14.545454545454549,0.1381356533490559,0.1059646823599124,0.0,0.1689561414179087,0.0857196870959264,0.1958319832693557,0.1956352473459911,0.1362729202249262,0.1578907556799479,0.0602733261534208,10_sp_aij_15,9275155,0.1,10,1524,25,50,even
925,15.151515151515152,0.1244717762310644,0.121226250373679,0.0,0.1367016643869826,0.0750833219090714,0.1596761730674419,0.2061997285825111,0.1468275158510648,0.2061820495715282,0.0726446011396863,10_sp_aij_15,9275155,0.1,10,1524,25,50,even
926,15.757575757575758,0.1151753922442277,0.1485624933775796,0.0,0.1333032684729446,0.0819227737665182,0.1564671564146364,0.1672474616876861,0.1196983460067945,0.1638751135760994,0.0952933922171081,10_sp_aij_15,9275155,0.1,10,1524,25,50,even
927,16.363636363636363,0.1230039527974772,0.1207792839216524,0.0,0.1340477965969074,0.0748130800080245,0.1498963261254175,0.1569924450928931,0.1290502043607725,0.1756630838094456,0.0745399911122118,10_sp_aij_15,9275155,0.1,10,1524,25,50,even
928,16.96969696969697,0.152914998561996,0.146755374700433,0.0,0.1256709106281198,0.0711482046791036,0.158573820761469,0.1620089365825092,0.100599375920404,0.1804763316578875,0.0745017558134458,10_sp_aij_15,9275155,0.1,10,1524,25,50,even
929,17.575757575757578,0.1542553409122259,0.1194247860980839,0.0,0.1362999748060907,0.051283420476816,0.1739413658955687,0.1675072448314491,0.1237055173885301,0.1500161602513348,0.0717688198300507,10_sp_aij_15,9275155,0.1,10,1524,25,50,even
930,18.181818181818183,0.1466659409061191,0.1111074031256989,0.0,0.1252787593182136,0.0519345739198101,0.1826397145350077,0.1855306710010939,0.143702843752407,0.1406874033151079,0.0701517328145725,10_sp_aij_15,9275155,0.1,10,1524,25,50,even
931,18.78787878787879,0.1164046855142069,0.1389152114687907,0.0,0.1177541500091917,0.0641568510988315,0.1294217473671704,0.2025599270364524,0.149640516731552,0.1478238193963316,0.0698872796951794,10_sp_aij_15,9275155,0.1,10,1524,25,50,even
932,19.393939393939394,0.1128487474685254,0.1396197876525265,0.0,0.1057748634560375,0.0697251369237751,0.1435226744354828,0.2441046549282349,0.1659756990514638,0.1823834592713417,0.069548218321147,10_sp_aij_15,9275155,0.1,10,1524,25,50,even
933,20.0,0.1088049867709834,0.1503433896371435,0.0,0.0859949766311587,0.0622197379623712,0.179348928600221,0.2140186065810669,0.1533085992797773,0.1984015001950567,0.0607288235529129,10_sp_aij_15,9275155,0.1,10,1524,25,50,even
934,20.60606060606061,0.078346519981499,0.1200344660587968,0.0,0.0968330970453721,0.0790316171897395,0.1765945149693557,0.1964995366531493,0.1623874827197283,0.173771037256988,0.0507085506314034,10_sp_aij_15,9275155,0.1,10,1524,25,50,even
935,21.21212121212121,0.0881074165110519,0.1047883611637054,0.0,0.1059667782819324,0.0789270297938076,0.1709571959055255,0.2567711146437393,0.1375589668392637,0.1865569227899579,0.0530862883250452,10_sp_aij_15,9275155,0.1,10,1524,25,50,even
936,21.81818181818182,0.1010253112318864,0.0976437951985403,0.0,0.1156609314321993,0.075766481372524,0.1992614217382472,0.2544075619877785,0.1200518192813348,0.2437222986985347,0.047381649721852,10_sp_aij_15,9275155,0.1,10,1524,25,50,even
937,22.424242424242426,0.1246203234307452,0.1141977158314174,0.0,0.1376540970242646,0.0948058353794158,0.1591355365838798,0.2060318614169974,0.1001999825037692,0.2065878932464931,0.0473527143064,10_sp_aij_15,9275155,0.1,10,1524,25,50,even
938,23.03030303030303,0.1005528142879794,0.0928148652772727,0.0,0.1021997468769882,0.0757951967618071,0.1387878419729552,0.1890457082616621,0.1104161054877654,0.2248151876217583,0.0481506210174992,10_sp_aij_15,9275155,0.1,10,1524,25,50,even
939,23.63636363636364,0.1153897588982575,0.1110013399938035,0.0,0.1115729303048123,0.066598791934347,0.119526372979948,0.1383061607939588,0.0970795581863936,0.2045928815933121,0.0573060243501944,10_sp_aij_15,9275155,0.1,10,1524,25,50,even
940,24.24242424242424,0.1257294009934954,0.1434584187812976,0.0,0.100078744189416,0.0780888787769376,0.1018901543824464,0.1496761896562647,0.0869749678356351,0.2248657212045985,0.0535574171473073,10_sp_aij_15,9275155,0.1,10,1524,25,50,even
941,24.848484848484848,0.1259900522601701,0.1124971720272966,0.0,0.0889782685984218,0.1055278872835416,0.121717332683559,0.151029209011393,0.0784966119904345,0.1412998651059798,0.0515231009725323,10_sp_aij_15,9275155,0.1,10,1524,25,50,even
942,25.454545454545457,0.1123409463034278,0.1288440651786093,0.0,0.1023713253855454,0.1083799049332593,0.1178482294422606,0.1663003771974883,0.073657561453255,0.1684493085155431,0.0492586191626019,10_sp_aij_15,9275155,0.1,10,1524,25,50,even
943,26.060606060606062,0.1287013355933574,0.1007655330166689,0.0,0.1038309561161403,0.1395436244885581,0.115705885499081,0.1919635944609745,0.0848457618849109,0.1976823500617487,0.0370002798230236,10_sp_aij_15,9275155,0.1,10,1524,25,50,even
944,26.666666666666668,0.1242048094753323,0.1031946344528159,0.0,0.1143006536303011,0.0999706669260554,0.1129170401676645,0.1886008060089653,0.0677654042289215,0.2004925717736622,0.0388166210367816,10_sp_aij_15,9275155,0.1,10,1524,25,50,even
945,27.272727272727277,0.1449507250187633,0.0916649101702093,0.0,0.1066385586886563,0.0861875097636995,0.087743499980182,0.1709416035638215,0.0545582320649333,0.1905704407530618,0.0428801042764673,10_sp_aij_15,9275155,0.1,10,1524,25,50,even
946,27.87878787878788,0.1431002033420531,0.0905644602706447,0.0,0.0830725954789779,0.0903912033310602,0.1075410187357968,0.1353108290961823,0.0621506877968746,0.1642897624419646,0.0423497846657672,10_sp_aij_15,9275155,0.1,10,1524,25,50,even
947,28.484848484848484,0.1199781706278952,0.0988857422054611,0.0,0.0864792136286392,0.103356170921343,0.1065950025997556,0.1518622104088222,0.0740154728976991,0.1622300526242376,0.0435031816419917,10_sp_aij_15,9275155,0.1,10,1524,25,50,even
948,29.090909090909093,0.111511030346749,0.1137866497148978,0.0,0.0971264384135639,0.1028944490299296,0.1168895475769313,0.1443195163610776,0.0795647534738703,0.1816980581125787,0.053485059777279,10_sp_aij_15,9275155,0.1,10,1524,25,50,even
949,30.0,0.1121249413502164,0.1122613340227908,0.0,0.1029011935671756,0.10868051107276,0.1156383222232055,0.1122064220442614,0.0781145418452385,0.1815589320472239,0.0740137437459383,10_sp_aij_15,9275155,0.1,10,1524,25,50,even
950,0.0,0.06,0.06,0.01,0.01,0.01,0.08,0.08,0.04,0.04,0.05,10_sp_aij_15,9845126,0.1,10,1524,25,50,even
951,0.6060606060606061,0.095171069309381,0.074889862250632,0.0100195523875328,0.0126878838512021,0.0121515205014007,0.0835318424774813,0.0878278307469653,0.050595049641599,0.0421178922988741,0.0461746861265444,10_sp_aij_15,9845126,0.1,10,1524,25,50,even
952,1.2121212121212122,0.1277556400491646,0.0636390264937336,0.0081230191858317,0.0154410583986349,0.0165729122638783,0.098434261515677,0.0763946083083201,0.0432243233490607,0.0422875800364027,0.0389049318882662,10_sp_aij_15,9845126,0.1,10,1524,25,50,even
953,1.8181818181818183,0.1299283184438103,0.0579062697071795,0.008741623793354,0.0207462626563679,0.0179616962558851,0.1013334624577875,0.102241064699794,0.0525758133095595,0.0514628939464947,0.0397204929373249,10_sp_aij_15,9845126,0.1,10,1524,25,50,even
954,2.4242424242424243,0.1538886799616338,0.0618655677364599,0.0068966607263938,0.0255309739533772,0.0246944035723255,0.1129612171412249,0.0876857270665144,0.0578990762985286,0.0580955260772088,0.0360202835697404,10_sp_aij_15,9845126,0.1,10,1524,25,50,even
955,3.0303030303030303,0.1455346245113031,0.0784756564433152,0.0085153451609563,0.0378825975347606,0.031771996383812,0.116969659830272,0.0997153359919461,0.0649625951691327,0.0880015957808635,0.0361518988076269,10_sp_aij_15,9845126,0.1,10,1524,25,50,even
956,3.6363636363636367,0.1682101760514935,0.0900469484663297,0.0070633637071818,0.0385606712787838,0.040978697292235,0.1330689040605137,0.0987403760680452,0.0524552903387946,0.0871930222361077,0.0431159313349764,10_sp_aij_15,9845126,0.1,10,1524,25,50,even
957,4.242424242424242,0.1608367313676102,0.0588767810747641,0.0066224999288208,0.0345491212594172,0.0340667527172318,0.1278175216638249,0.1376254365558467,0.0671570551369315,0.0910569862609066,0.0375420953249556,10_sp_aij_15,9845126,0.1,10,1524,25,50,even
958,4.848484848484849,0.1765425951764612,0.0629774031436748,0.0061224947903846,0.0410132190817698,0.04008270464338,0.1195905697944971,0.1574318371146439,0.0662252317219238,0.1007107905388958,0.0402133273234822,10_sp_aij_15,9845126,0.1,10,1524,25,50,even
959,5.454545454545455,0.1438066093726448,0.0700356222106583,0.0056424582679431,0.0499229061737001,0.0417557261909712,0.1248316920450029,0.1791046121540505,0.0455368058682525,0.1286416994897208,0.036423881083158,10_sp_aij_15,9845126,0.1,10,1524,25,50,even
960,6.0606060606060606,0.1491864193506069,0.0691576550476559,0.0049528608979855,0.0505057793715579,0.0439988145668587,0.143404139977907,0.1758412509957356,0.051386136340981,0.1244548159905137,0.0376010969620547,10_sp_aij_15,9845126,0.1,10,1524,25,50,even
961,6.666666666666667,0.1553209400397766,0.0772164601679795,0.0057090770770121,0.0516867100735645,0.056162559036436,0.1404525068791127,0.1715882335239775,0.0657867483519911,0.12288661746355,0.0319945044866055,10_sp_aij_15,9845126,0.1,10,1524,25,50,even
962,7.272727272727273,0.1581784764757833,0.066799284832566,0.0049150394258285,0.0547774791886253,0.0471867563828941,0.1116650268918823,0.1713857781528312,0.0814385292591409,0.1129354808132164,0.03470947761566,10_sp_aij_15,9845126,0.1,10,1524,25,50,even
963,7.878787878787879,0.1718637896871711,0.0707305244416648,0.0053066542489448,0.0547992484001069,0.0427805143933367,0.1484090504346285,0.1605728539846021,0.1014423143085685,0.0882855847789711,0.0361735496855652,10_sp_aij_15,9845126,0.1,10,1524,25,50,even
964,8.484848484848484,0.1871650926749011,0.0668736808391459,0.0053871835679206,0.0670462540241699,0.0423047960035421,0.1776795416696358,0.1785801670913118,0.1220474048407988,0.1043827470799653,0.0349849644249903,10_sp_aij_15,9845126,0.1,10,1524,25,50,even
965,9.090909090909092,0.1987440387396204,0.0825629071863197,0.0056229653466966,0.1017596875882913,0.0437837858856618,0.2049981731100162,0.1703154938091938,0.153060252658038,0.1427358873641039,0.0362921613789251,10_sp_aij_15,9845126,0.1,10,1524,25,50,even
966,9.696969696969695,0.1359395655836022,0.1016821932073566,0.0058013271683304,0.1032555650197456,0.0460068002253903,0.2188334898308147,0.1612307565176225,0.1722968093840012,0.1519818151733958,0.0375883671339581,10_sp_aij_15,9845126,0.1,10,1524,25,50,even
967,10.303030303030305,0.1476043839262011,0.1045625215691236,0.0060581037332537,0.1150471255449921,0.0484809656898977,0.1963216992601487,0.1796385783231267,0.1463885631817183,0.1767239603410468,0.0376986289056105,10_sp_aij_15,9845126,0.1,10,1524,25,50,even
968,10.90909090909091,0.1252166315477414,0.151161621794512,0.0079483064184799,0.1241375472248477,0.0524195149741409,0.1953246338342487,0.1956415717531845,0.1364138039468457,0.1843995637069931,0.0468548442114214,10_sp_aij_15,9845126,0.1,10,1524,25,50,even
969,11.515151515151516,0.1343792110087817,0.1809115624910005,0.0092024035001402,0.1191146252993011,0.0523579868192904,0.1945037002739485,0.1989072953853745,0.1380163169645178,0.1587843289745943,0.0395459041392833,10_sp_aij_15,9845126,0.1,10,1524,25,50,even
970,12.12121212121212,0.1283099030384482,0.2092762074833934,0.0093584352393397,0.089930062771486,0.0592199980591604,0.2438973770978181,0.1869460379039483,0.1264189078820513,0.150032443834629,0.0436646535763363,10_sp_aij_15,9845126,0.1,10,1524,25,50,even
971,12.727272727272728,0.140954215153383,0.1639737392375186,0.0079893651189494,0.1091496659905741,0.0634184814431214,0.2411590717059641,0.1770575397562939,0.1432055807755445,0.1716530713987734,0.0402900102066541,10_sp_aij_15,9845126,0.1,10,1524,25,50,even
972,13.333333333333334,0.1388616584383055,0.1563587698108655,0.0080866895406032,0.1184213270519347,0.0702347712906393,0.203164069297878,0.175912982810518,0.140768463991663,0.209754529258051,0.0457228765899199,10_sp_aij_15,9845126,0.1,10,1524,25,50,even
973,13.93939393939394,0.1194027092908791,0.1680393434152757,0.0090065710777766,0.1040554903831495,0.072146042349931,0.1843139894109143,0.1974156813745576,0.1418637402040559,0.2066041070504757,0.0512089334175875,10_sp_aij_15,9845126,0.1,10,1524,25,50,even
974,14.545454545454549,0.1441388327814425,0.1407918329705199,0.0091839315381188,0.1142935851584783,0.1009055152297676,0.1456263316838744,0.1791316169443772,0.1307815631822272,0.153280387399575,0.050191144877058,10_sp_aij_15,9845126,0.1,10,1524,25,50,even
975,15.151515151515152,0.1503136297232911,0.1594883938697422,0.007927488482313,0.114193054702602,0.0964258552981579,0.1358275301119529,0.1711069777912501,0.1093299773929927,0.1648966024541342,0.0378834253098669,10_sp_aij_15,9845126,0.1,10,1524,25,50,even
976,15.757575757575758,0.164804320677258,0.1038685110305018,0.0068552976688914,0.1321696516217891,0.1141180319264449,0.1531502482310219,0.1880644173381598,0.1336104348325658,0.1511286601212627,0.0399612004443506,10_sp_aij_15,9845126,0.1,10,1524,25,50,even
977,16.363636363636363,0.1419864524678169,0.1051429601118067,0.0070330673529633,0.1263903727154574,0.1156348846515436,0.1582624687607474,0.2088633343434061,0.1209507938345093,0.1767578407285603,0.0461669890111537,10_sp_aij_15,9845126,0.1,10,1524,25,50,even
978,16.96969696969697,0.1476281191022207,0.0994774700925703,0.008528390162318,0.0932141755709476,0.0893237124047554,0.1695834399853163,0.2296180698516232,0.1040137887640981,0.1695017049036085,0.0557921186471568,10_sp_aij_15,9845126,0.1,10,1524,25,50,even
979,17.575757575757578,0.1289807637558208,0.086560148793942,0.0086836849021354,0.1047638917173615,0.1094381674334453,0.1959486185417747,0.189135894839502,0.110828558230984,0.1639546629348137,0.0661629029706661,10_sp_aij_15,9845126,0.1,10,1524,25,50,even
980,18.181818181818183,0.1243598231392388,0.0904028939692919,0.0124772847217191,0.1087421783808103,0.1044609711823259,0.1928621633492884,0.19095912546786,0.0986082633503503,0.1665877292146156,0.0608438073499072,10_sp_aij_15,9845126,0.1,10,1524,25,50,even
981,18.78787878787879,0.1244689951429101,0.0977042406139431,0.0128908105613213,0.109642018455976,0.1073282070038189,0.1940825898031795,0.207791768754584,0.0894846845194662,0.1743229734435173,0.062682545364626,10_sp_aij_15,9845126,0.1,10,1524,25,50,even
982,19.393939393939394,0.1217885672551262,0.077018811366286,0.0132146698416667,0.0985372229966721,0.108585920993472,0.1881748636045173,0.2112148694770363,0.0935414927537205,0.1813549789553595,0.07715737909457,10_sp_aij_15,9845126,0.1,10,1524,25,50,even
983,20.0,0.1062303587347022,0.0858867255541907,0.0138231962200619,0.0693672682100955,0.1064585357704582,0.1834594045230952,0.1850669222018021,0.0929935594756842,0.1763234656224821,0.0775806412397761,10_sp_aij_15,9845126,0.1,10,1524,25,50,even
984,20.60606060606061,0.1092243040573121,0.0910718461081717,0.0104070546319886,0.0871227479553892,0.121671934563463,0.1932061584925261,0.1947898560361102,0.1054386721441775,0.1442060913491541,0.1002003357052949,10_sp_aij_15,9845126,0.1,10,1524,25,50,even
985,21.21212121212121,0.0922131735607894,0.0970870575002297,0.0086089866655444,0.1035026818571226,0.1320892780953212,0.1955527817361645,0.1926915890275574,0.1028017717920593,0.1649234495093934,0.0786735427074775,10_sp_aij_15,9845126,0.1,10,1524,25,50,even
986,21.81818181818182,0.1004837581621727,0.102061952429865,0.0096030460656821,0.1080310112737423,0.1333575181608532,0.1963156353551925,0.1988116464381387,0.1030703909218853,0.1811534879453574,0.0818811925039119,10_sp_aij_15,9845126,0.1,10,1524,25,50,even
987,22.424242424242426,0.1058054337797276,0.0925405850268102,0.0106956672491049,0.0784777864073273,0.0899885538365285,0.1874207624501931,0.1746114115830071,0.0926996821934881,0.1635310368408814,0.0930176299499854,10_sp_aij_15,9845126,0.1,10,1524,25,50,even
988,23.03030303030303,0.1107323369585653,0.0920706105373773,0.0111669761901997,0.0793175011193814,0.0693339583497027,0.1583704957966029,0.147568054049766,0.0717293144580893,0.1963926060278896,0.0925958054001679,10_sp_aij_15,9845126,0.1,10,1524,25,50,even
989,23.63636363636364,0.1437294272690871,0.1095414217205403,0.0124988915869415,0.0783458902036245,0.0719322840531328,0.1458932564020214,0.1744788050299544,0.0772579057509009,0.1509202632206362,0.0958655685643626,10_sp_aij_15,9845126,0.1,10,1524,25,50,even
990,24.24242424242424,0.1562259884710751,0.138819176979719,0.0158565764446487,0.0766719983878137,0.0724727252395606,0.1209102900144805,0.1599193580209415,0.0792538107364928,0.1753418323261016,0.088581215074979,10_sp_aij_15,9845126,0.1,10,1524,25,50,even
991,24.848484848484848,0.1357141788729124,0.1471431224590295,0.0161955580615154,0.0667723699336552,0.0906914637801473,0.1267858446513247,0.1423838235296691,0.0787147033843992,0.1657688042974821,0.0905052893950111,10_sp_aij_15,9845126,0.1,10,1524,25,50,even
992,25.454545454545457,0.1467147932434933,0.1325144539431637,0.0167441855885531,0.0464163231124152,0.1048293015242527,0.0999822194101483,0.139945059361944,0.0748138560273672,0.1458368709045781,0.0784850977521935,10_sp_aij_15,9845126,0.1,10,1524,25,50,even
993,26.060606060606062,0.1320102190992566,0.1133538408786784,0.0117145696681582,0.0651922525433879,0.0845243693683343,0.1085601217664742,0.1091343888042403,0.0728256240282975,0.1644307460913215,0.0816497638911765,10_sp_aij_15,9845126,0.1,10,1524,25,50,even
994,26.666666666666668,0.1247200139667758,0.0866413275992111,0.0095605521389547,0.067204616844182,0.0954146700484811,0.1268502073691854,0.1308800090670738,0.0815814642296519,0.1881948379287005,0.0898355831618768,10_sp_aij_15,9845126,0.1,10,1524,25,50,even
995,27.272727272727277,0.1172383007188321,0.073255351496013,0.014874798098982,0.0748971486623975,0.0611957010444877,0.1403402381478355,0.1361628256936203,0.0881227602421063,0.1897490437768361,0.0927280948018974,10_sp_aij_15,9845126,0.1,10,1524,25,50,even
996,27.87878787878788,0.1182485017083969,0.0614149252715287,0.0194719864615565,0.0718460478039069,0.065479342216837,0.1537211145415004,0.130709206012773,0.1076453120008552,0.1715268154594216,0.0859247156688846,10_sp_aij_15,9845126,0.1,10,1524,25,50,even
997,28.484848484848484,0.1210278133303688,0.0687710470395066,0.0210375420030156,0.0663978702432181,0.0608459609782075,0.1692343630372455,0.1611412113809458,0.0995779740485325,0.1334763347004136,0.0701878804707174,10_sp_aij_15,9845126,0.1,10,1524,25,50,even
998,29.090909090909093,0.1001560235265281,0.0660353911839486,0.0210436988634946,0.0697775208950755,0.0748798709776672,0.1640039979717728,0.1879273932561588,0.1307280299777853,0.1531008601807966,0.0703222556521368,10_sp_aij_15,9845126,0.1,10,1524,25,50,even
999,30.0,0.1225422577666031,0.0702577080212654,0.0239163865753581,0.0772001793903802,0.0739774319467656,0.1760133735978278,0.1298799483782457,0.1296551398955894,0.1365555537205136,0.0459968319454491,10_sp_aij_15,9845126,0.1,10,1524,25,50,even
1000,0.0,0.07,0.06,0.07,0.04,0.06,0.08,0.06,0.06,0.06,0.08,10_sp_aij_15,10011807,0.1,10,1524,25,50,even
1001,0.6060606060606061,0.0902994557346625,0.0610545547483249,0.0676076164829289,0.0551835169722673,0.0709669653595837,0.0718826917577046,0.0701589145355493,0.065029526582503,0.0615468058079521,0.0786810150749656,10_sp_aij_15,10011807,0.1,10,1524,25,50,even
1002,1.2121212121212122,0.089014448632539,0.0781395940377243,0.048163364771933,0.0685632731913337,0.0622755297697001,0.103161955730925,0.0836705253631921,0.0796363074619982,0.0687505471603376,0.0722476823089757,10_sp_aij_15,10011807,0.1,10,1524,25,50,even
1003,1.8181818181818183,0.0936771429177087,0.0799489321928488,0.035881967803936,0.0589367958366053,0.0624764362031492,0.0973779911676715,0.0822960974411663,0.0958152932234424,0.0933038120146488,0.0815440857827839,10_sp_aij_15,10011807,0.1,10,1524,25,50,even
1004,2.4242424242424243,0.1041974761990779,0.0813722667958332,0.0203201794758514,0.062351820834454,0.0605335442417231,0.1120455211944797,0.072852751895349,0.1330830562956764,0.0885867741704256,0.0795720825572052,10_sp_aij_15,10011807,0.1,10,1524,25,50,even
1005,3.0303030303030303,0.0919570724874994,0.0876217985780121,0.0184406184748606,0.0756399208386305,0.0508338160623993,0.1199859111064999,0.069597716735706,0.1344433251129544,0.1121751384458396,0.0848374291311829,10_sp_aij_15,10011807,0.1,10,1524,25,50,even
1006,3.6363636363636367,0.0975075963648339,0.0879460959666855,0.0176156037844763,0.0986367127379852,0.0607727577077724,0.1267744743945947,0.0744318558148424,0.1319515589869712,0.1100512361534466,0.0625796878035347,10_sp_aij_15,10011807,0.1,10,1524,25,50,even
1007,4.242424242424242,0.0844986558605856,0.0972205444987375,0.0200922203665013,0.0971721123072802,0.0638070464741378,0.1205949799865286,0.0914993992854541,0.1470241694558088,0.1012472722408996,0.0667905381304563,10_sp_aij_15,10011807,0.1,10,1524,25,50,even
1008,4.848484848484849,0.0835439867681223,0.1111408871950538,0.0224044854114383,0.1139849757066952,0.0807066976400048,0.1385385686553283,0.1105410162873873,0.1237088107538544,0.1062924911537189,0.0604904160251579,10_sp_aij_15,10011807,0.1,10,1524,25,50,even
1009,5.454545454545455,0.1119318618163188,0.1206968294362778,0.0203594899926298,0.1166252452569148,0.0917979420680268,0.1388813408814339,0.1331076936970985,0.116690113599857,0.0815655736570685,0.0682714792245502,10_sp_aij_15,10011807,0.1,10,1524,25,50,even
1010,6.0606060606060606,0.1147398948096359,0.1311317651614834,0.017318132620171,0.1203990091148861,0.0930111183068298,0.1409370369411296,0.154623587672414,0.1119641379020608,0.0840115490718656,0.0671543248002382,10_sp_aij_15,10011807,0.1,10,1524,25,50,even
1011,6.666666666666667,0.1166550384612619,0.1052440388987788,0.014614603420269,0.1141928158965159,0.1066232266143274,0.1745849061337327,0.169851055639598,0.1228464708741755,0.1218175428922821,0.0807827778056515,10_sp_aij_15,10011807,0.1,10,1524,25,50,even
1012,7.272727272727273,0.0972396063226273,0.0732677475229102,0.0135475284265699,0.1143804598953791,0.1145567549480774,0.2321281636055809,0.1919263506197441,0.1283407548098257,0.1353701692128387,0.0739583022627459,10_sp_aij_15,10011807,0.1,10,1524,25,50,even
1013,7.878787878787879,0.0899094110582244,0.0719952096927805,0.0165412456029346,0.1365325332231401,0.1034250966493577,0.1764365241635796,0.1721793362583795,0.1402133189177222,0.1751445279504853,0.0644989877601131,10_sp_aij_15,10011807,0.1,10,1524,25,50,even
1014,8.484848484848484,0.10071826258753,0.078790092678881,0.0181778859138066,0.0927393791825539,0.1087860537927468,0.1626640197059137,0.1872695800354747,0.153961373346212,0.2460962251245725,0.0551834650442641,10_sp_aij_15,10011807,0.1,10,1524,25,50,even
1015,9.090909090909092,0.0809893165204489,0.0877601740542452,0.0233651326075497,0.0997321299682796,0.1077109761498614,0.1633154832416158,0.1686738214630554,0.2054419099077267,0.2325390547068163,0.0465207501104902,10_sp_aij_15,10011807,0.1,10,1524,25,50,even
1016,9.696969696969695,0.0797697362831561,0.096136323113498,0.0240232251880403,0.1329787348792488,0.1023487234511116,0.174545565302665,0.1813857852792737,0.1604334846699736,0.2150886832564594,0.0470631604399572,10_sp_aij_15,10011807,0.1,10,1524,25,50,even
1017,10.303030303030305,0.0736623931411082,0.0693836735998974,0.022205922349445,0.100719013523447,0.0837310624158173,0.2025257808729031,0.1868136603579157,0.1517361331599421,0.1600148300345097,0.0411462228631651,10_sp_aij_15,10011807,0.1,10,1524,25,50,even
1018,10.90909090909091,0.05667225203687,0.0733694887141904,0.0234910567913536,0.1165293110229583,0.0732338257939335,0.2330051354915568,0.1816996359608936,0.1674912736927186,0.1401550236696434,0.0491857341263381,10_sp_aij_15,10011807,0.1,10,1524,25,50,even
1019,11.515151515151516,0.0539200612063054,0.0862493987375059,0.0267139081969779,0.0882178637833109,0.0603574064363779,0.2219901432236979,0.2238850532462417,0.1631051254051757,0.1613021732347004,0.0554521532934959,10_sp_aij_15,10011807,0.1,10,1524,25,50,even
1020,12.12121212121212,0.0684775379164156,0.0857702387219254,0.0255668157440602,0.0974221329948046,0.0619063028558086,0.2262206570970698,0.2037012298136197,0.1421792639303707,0.1742759816001432,0.0546015816704283,10_sp_aij_15,10011807,0.1,10,1524,25,50,even
1021,12.727272727272728,0.0729743245905018,0.1023317294100923,0.0224684818044423,0.1011089545586175,0.0603995733950853,0.2083277016984084,0.191372456066116,0.1460434243913055,0.1679340578113209,0.0461373783247866,10_sp_aij_15,10011807,0.1,10,1524,25,50,even
1022,13.333333333333334,0.0895601000277238,0.1357912266139342,0.0226375952533916,0.1023257554210824,0.0474761856142277,0.1309149718238164,0.1413639116461277,0.1447306154493344,0.1538580973134327,0.0500916555890268,10_sp_aij_15,10011807,0.1,10,1524,25,50,even
1023,13.93939393939394,0.0885129395420152,0.1189311036973701,0.0212421715717635,0.1024689564694239,0.0521427590571753,0.1180106216773067,0.1420442883438344,0.1332604256003396,0.1411892218501753,0.0551688847130679,10_sp_aij_15,10011807,0.1,10,1524,25,50,even
1024,14.545454545454549,0.1093649073495949,0.1284037289522933,0.0222698851410521,0.1185606073419221,0.056957815538324,0.1131378889894227,0.1321972500735807,0.1427282963704756,0.1533816595349418,0.0500147541901225,10_sp_aij_15,10011807,0.1,10,1524,25,50,even
1025,15.151515151515152,0.0985862095947936,0.1307008908549869,0.0204793341721368,0.099002881321582,0.0556603807736222,0.1219358675525369,0.1637787265467226,0.131432662788171,0.1388552703615469,0.0454252258302944,10_sp_aij_15,10011807,0.1,10,1524,25,50,even
1026,15.757575757575758,0.0935075131714444,0.116244394262329,0.0185252108302607,0.0987223838104999,0.0610978255352664,0.11485044959312,0.1905709608509812,0.1215148588725155,0.1488416768526058,0.0480997633849898,10_sp_aij_15,10011807,0.1,10,1524,25,50,even
1027,16.363636363636363,0.1163909633347493,0.1297388342938423,0.0179683971384743,0.0838448896318222,0.0688518911077097,0.146744984852784,0.240563292958729,0.1020954563658452,0.1548802448600637,0.0542989188956455,10_sp_aij_15,10011807,0.1,10,1524,25,50,even
1028,16.96969696969697,0.1270999535960847,0.1241991239486644,0.021508997392293,0.092719736783916,0.059126889316463,0.1157862492078731,0.2541461270499554,0.1042981046264095,0.1439342868957347,0.0426748656977373,10_sp_aij_15,10011807,0.1,10,1524,25,50,even
1029,17.575757575757578,0.1151085239183304,0.1316132337454166,0.022253810033023,0.0778766551089939,0.0701499175088592,0.1550893867928044,0.2073211143008356,0.093994043636894,0.1244619048832402,0.0481675543214688,10_sp_aij_15,10011807,0.1,10,1524,25,50,even
1030,18.181818181818183,0.1301109263122174,0.1147476867997516,0.018333978750211,0.0880928191879748,0.0625673780199219,0.1567096540267989,0.2100466954426503,0.1054892735883679,0.1212085323055155,0.0491901568858315,10_sp_aij_15,10011807,0.1,10,1524,25,50,even
1031,18.78787878787879,0.1527120567320471,0.1140079507115956,0.0137638644388935,0.0836220079618111,0.0698670037035428,0.1870324304666115,0.2256604621091883,0.0730500710386379,0.1397778226047711,0.069615566714988,10_sp_aij_15,10011807,0.1,10,1524,25,50,even
1032,19.393939393939394,0.1486155537696758,0.0997204196307667,0.0137430810637378,0.0980320972827874,0.0621262098469777,0.1889207196046761,0.2256653659456995,0.0766766634203071,0.18861689705822,0.0660196096570568,10_sp_aij_15,10011807,0.1,10,1524,25,50,even
1033,20.0,0.156739062236825,0.0814206994959152,0.0128654059767963,0.1132092533555232,0.0626027224243532,0.1708365137564003,0.2146512765676812,0.0708092277248631,0.1939731998236126,0.0662376999442356,10_sp_aij_15,10011807,0.1,10,1524,25,50,even
1034,20.60606060606061,0.1428927350207309,0.0799057217705987,0.0139449536674047,0.1259124991733942,0.0867247563032208,0.175057642071934,0.2050660402158067,0.0846772257827209,0.1985137804074519,0.0779505514475038,10_sp_aij_15,10011807,0.1,10,1524,25,50,even
1035,21.21212121212121,0.1297115516969615,0.0949512712017548,0.0191471388160569,0.1138262728640348,0.0838518923400226,0.1402619822442234,0.2390628620544828,0.0889339890206916,0.1971902414110604,0.0790211213209461,10_sp_aij_15,10011807,0.1,10,1524,25,50,even
1036,21.81818181818182,0.1121074402421687,0.0907375397424287,0.0218195776955796,0.1290964666401953,0.0823439998514424,0.1065684577949918,0.2521913676938965,0.0932914978974016,0.2288253929829793,0.0724801290917017,10_sp_aij_15,10011807,0.1,10,1524,25,50,even
1037,22.424242424242426,0.096900054356744,0.095390925437285,0.0203077402267903,0.12285584294406,0.081428536800031,0.1048570525799252,0.2177934899725361,0.0808335379913613,0.1664843648288692,0.0476644241554716,10_sp_aij_15,10011807,0.1,10,1524,25,50,even
1038,23.03030303030303,0.1079650816013618,0.0913215082726912,0.0238871077968061,0.1088543534803072,0.0824106280543212,0.1216695079763454,0.1617252056501875,0.1162479670671476,0.1827730743107905,0.0585249956331292,10_sp_aij_15,10011807,0.1,10,1524,25,50,even
1039,23.63636363636364,0.1104007425280268,0.0808418448308238,0.0215887795657815,0.1009315581999362,0.0867443283814143,0.1020932313262775,0.1565419850551894,0.0930985386922146,0.1831098753081661,0.0679687492253683,10_sp_aij_15,10011807,0.1,10,1524,25,50,even
1040,24.24242424242424,0.1098970992316161,0.0922940988833353,0.0229336377116111,0.1158605716132652,0.0972614522324683,0.0879148597974169,0.1510319541391131,0.0909224641787771,0.2028053745186041,0.0877179107784046,10_sp_aij_15,10011807,0.1,10,1524,25,50,even
1041,24.848484848484848,0.1376775488514318,0.1011396901185056,0.021166597915877,0.1116092130756445,0.0915672721625123,0.0813201886497275,0.1728152785728444,0.0711273983523871,0.1874081440758062,0.065269229029954,10_sp_aij_15,10011807,0.1,10,1524,25,50,even
1042,25.454545454545457,0.131651430399932,0.1131814736404728,0.0217965149180638,0.1201195641006172,0.0930554627624145,0.0845307094884744,0.1709373399842564,0.0828323738186598,0.1756708677997587,0.0655839952417788,10_sp_aij_15,10011807,0.1,10,1524,25,50,even
1043,26.060606060606062,0.1302848206806537,0.1003221378492669,0.0150993792565378,0.1063049722553807,0.0890128677458646,0.1066286168062482,0.1976199956406565,0.0942556016007017,0.2137454213873695,0.0576583829016068,10_sp_aij_15,10011807,0.1,10,1524,25,50,even
1044,26.666666666666668,0.1244964436724019,0.1084044571199717,0.0179202415855375,0.1042012887261203,0.1131756625658562,0.0962865442962589,0.2003807930845441,0.0935188478153234,0.2095918783426228,0.0587970790246623,10_sp_aij_15,10011807,0.1,10,1524,25,50,even
1045,27.272727272727277,0.1451675899281138,0.1115405314438421,0.0133029538969748,0.120557714963891,0.1002975209283581,0.0994511121850087,0.2158750944787837,0.092326582748792,0.1690118298687792,0.0573280690767173,10_sp_aij_15,10011807,0.1,10,1524,25,50,even
1046,27.87878787878788,0.1639352542425084,0.1000699469164764,0.0158870597202281,0.1110998857974009,0.1122427518033313,0.1041010245968327,0.1856100192731015,0.0919165602508578,0.1856556911459877,0.042071346814505,10_sp_aij_15,10011807,0.1,10,1524,25,50,even
1047,28.484848484848484,0.1341274433400889,0.0843957977602885,0.0161155744433093,0.1164813936237336,0.1130554487180487,0.0975105993849991,0.2015077474231766,0.0666444783268831,0.144555846004775,0.0464649687343834,10_sp_aij_15,10011807,0.1,10,1524,25,50,even
1048,29.090909090909093,0.1372060738004539,0.0805293811611749,0.0179853515991804,0.1087559297486171,0.1149002679100039,0.1102988586834634,0.2140658973700484,0.0866325052696315,0.1381132005279526,0.0669340706979379,10_sp_aij_15,10011807,0.1,10,1524,25,50,even
1049,30.0,0.1463017770943959,0.0821182083426593,0.0162870020027943,0.1186164240263373,0.0758662457134593,0.1164086978004845,0.1811678736240285,0.0830089014953049,0.1381354230914492,0.062424827329358,10_sp_aij_15,10011807,0.1,10,1524,25,50,even
1050,0.0,0.03,0.04,0.07,0.08,0.06,0.09,0.06,0.05,0.01,0.03,10_sp_aij_15,10488077,0.1,10,1524,25,50,even
1051,0.6060606060606061,0.0350080744078436,0.0562334423702949,0.0648950875968711,0.0971337799559731,0.0483442198967828,0.0948163639832082,0.0624103455436464,0.0664280009293752,0.0106225708249264,0.0448334715038276,10_sp_aij_15,10488077,0.1,10,1524,25,50,even
1052,1.2121212121212122,0.0469857240438798,0.0637756100841437,0.0480295404946678,0.1084855423877352,0.0514403179193134,0.1063511848780958,0.0644609157526451,0.0824048242256628,0.0129887566147004,0.0361760237180473,10_sp_aij_15,10488077,0.1,10,1524,25,50,even
1053,1.8181818181818183,0.0619110494385625,0.092221891403157,0.0430772547795112,0.1099589133037213,0.044760241650678,0.1503519736307807,0.0954670105025391,0.1026220457247368,0.0168756584466156,0.0479655712737076,10_sp_aij_15,10488077,0.1,10,1524,25,50,even
1054,2.4242424242424243,0.0780507216427475,0.0819166918032685,0.0344786681678722,0.1032709477713496,0.0408534006047144,0.1834865942544862,0.0945921574460108,0.1190069978078216,0.0237862181901813,0.0428812287218583,10_sp_aij_15,10488077,0.1,10,1524,25,50,even
1055,3.0303030303030303,0.0844004148076042,0.1258385107109128,0.0288478325029703,0.1342467290905474,0.0439931963052608,0.2226989474764754,0.125684774307294,0.1324628509852148,0.0345898867930809,0.053296781123278,10_sp_aij_15,10488077,0.1,10,1524,25,50,even
1056,3.6363636363636367,0.1120567672820289,0.130539358973671,0.0274408148300969,0.1912837147238505,0.0437250587664218,0.2659597414361077,0.1550878153081037,0.1290121682892488,0.0404482211495427,0.0594704934836317,10_sp_aij_15,10488077,0.1,10,1524,25,50,even
1057,4.242424242424242,0.1156697889706493,0.1389594141763878,0.0262660027497829,0.2330418734278981,0.0433965154562022,0.2539510760187982,0.1830022888414771,0.1792039201956508,0.0608028147177577,0.0646896830244395,10_sp_aij_15,10488077,0.1,10,1524,25,50,even
1058,4.848484848484849,0.1184384884037053,0.1440642531249969,0.024087007527563,0.2237514150511503,0.0431350600001068,0.331687476920205,0.2087744431002676,0.2234863308467384,0.0901498970816635,0.0727904506638138,10_sp_aij_15,10488077,0.1,10,1524,25,50,even
1059,5.454545454545455,0.1171473241403269,0.143652499410584,0.0187723514649097,0.2518554731848873,0.0490877783663055,0.3194657077461899,0.2220492569652352,0.2375698728634577,0.1385046357166145,0.074080314892398,10_sp_aij_15,10488077,0.1,10,1524,25,50,even
1060,6.0606060606060606,0.1060166681064723,0.1335861733139761,0.0220654943690763,0.1822846007936328,0.0397261499771091,0.3803888173494435,0.2449950093513,0.2553524469415595,0.1394281652079726,0.0650789131897434,10_sp_aij_15,10488077,0.1,10,1524,25,50,even
1061,6.666666666666667,0.099784314745002,0.13222989625687,0.0176998240174479,0.1670954788923511,0.0310221070853008,0.360421626148509,0.2012820728544828,0.294294797153768,0.1502697220127938,0.0650460946486157,10_sp_aij_15,10488077,0.1,10,1524,25,50,even
1062,7.272727272727273,0.0830554213624837,0.1595602297024862,0.0168975297565561,0.1303604772734228,0.0320369692012532,0.2560233450406617,0.2397217045583348,0.2469727926996395,0.173230382404171,0.0615827973874234,10_sp_aij_15,10488077,0.1,10,1524,25,50,even
1063,7.878787878787879,0.0807371813788762,0.1469216253571999,0.0156548815359219,0.1198017044415269,0.0250061015372009,0.2766794453501625,0.2358913189722977,0.2072728109073639,0.2310099038347331,0.0540124413713133,10_sp_aij_15,10488077,0.1,10,1524,25,50,even
1064,8.484848484848484,0.0877829396309285,0.1360125681110423,0.0148643890166819,0.1187639698880443,0.0256215273228139,0.2430542707705119,0.2545519047658326,0.1881405226333008,0.2377257400233439,0.0581448965133892,10_sp_aij_15,10488077,0.1,10,1524,25,50,even
1065,9.090909090909092,0.0980217808158685,0.1667595124830652,0.0152689435240843,0.1375124654058618,0.0263655999788765,0.2773067096869075,0.2066919441996534,0.1587267058952569,0.1960375931485558,0.0546418265253893,10_sp_aij_15,10488077,0.1,10,1524,25,50,even
1066,9.696969696969695,0.1264310156657411,0.1934958350294172,0.0122697722659964,0.1471165181090739,0.0343685143591639,0.2775135116718562,0.1725244700617292,0.1952610824532386,0.187065499641675,0.0545572380079139,10_sp_aij_15,10488077,0.1,10,1524,25,50,even
1067,10.303030303030305,0.1096143503389894,0.1768657207258668,0.0151005484705637,0.1490880232666976,0.0361211945083295,0.1955274544239872,0.1848726584520007,0.1804363748975115,0.1979360866206124,0.0460746099312987,10_sp_aij_15,10488077,0.1,10,1524,25,50,even
1068,10.90909090909091,0.1410331321680663,0.199702495583164,0.0118998135135186,0.1603126022010907,0.0382365536407548,0.2068098870508655,0.1742866548960721,0.1698011308794793,0.1748792024408008,0.0448294646206515,10_sp_aij_15,10488077,0.1,10,1524,25,50,even
1069,11.515151515151516,0.1133962663097496,0.1979646588280489,0.0102076599445944,0.1987602557317227,0.0461599369139359,0.2563315206221169,0.1892527317874814,0.178448386129485,0.1440571326854006,0.055264589516841,10_sp_aij_15,10488077,0.1,10,1524,25,50,even
1070,12.12121212121212,0.1026807389914578,0.2272141371879958,0.0089851398141416,0.1849995800255658,0.0503159510006079,0.2777857995285686,0.1969354570511154,0.1568698955394342,0.1845464623021453,0.0596156809361835,10_sp_aij_15,10488077,0.1,10,1524,25,50,even
1071,12.727272727272728,0.0813187244204246,0.2109351139625715,0.0078316537650425,0.1892335056881,0.0577358314244871,0.3000380953628812,0.2376981749838178,0.217560739202852,0.232479025386743,0.0558427305683416,10_sp_aij_15,10488077,0.1,10,1524,25,50,even
1072,13.333333333333334,0.0827158380971294,0.1940464926710984,0.0094187447094237,0.1661006141780054,0.0833199203256701,0.2277879219556063,0.1995956121315109,0.1833766470548539,0.2352937161092287,0.0520225752315755,10_sp_aij_15,10488077,0.1,10,1524,25,50,even
1073,13.93939393939394,0.071666794850662,0.1736345340026441,0.0102993993714305,0.1636574101912187,0.114883408969096,0.2590006615631106,0.2298938481122063,0.185169025272325,0.3135843305122182,0.057029226373496,10_sp_aij_15,10488077,0.1,10,1524,25,50,even
1074,14.545454545454549,0.0821278199695051,0.1147494467387251,0.0129083760747869,0.1779930664240306,0.1022857349818371,0.2248328224391007,0.2230253356305526,0.1727406750802307,0.3140625171910545,0.053688422259113,10_sp_aij_15,10488077,0.1,10,1524,25,50,even
1075,15.151515151515152,0.0776437689295097,0.1737143124352634,0.0157488485856577,0.1659510395241181,0.0989254493030476,0.2128305839493054,0.1949822752239068,0.1364167814907386,0.2918474883710341,0.0609684597537687,10_sp_aij_15,10488077,0.1,10,1524,25,50,even
1076,15.757575757575758,0.0904071692874033,0.2048141185814944,0.0203253177537279,0.1301040763410117,0.1277713073185573,0.165745565024744,0.1984121902913529,0.1253156307634455,0.214682621049452,0.0661080222932654,10_sp_aij_15,10488077,0.1,10,1524,25,50,even
1077,16.363636363636363,0.1035026603039677,0.1951451110870103,0.0220106941621916,0.1206850270541128,0.1131914601430713,0.1758554878114989,0.2352480057450928,0.1087084646253977,0.2837406217641311,0.0887700065750837,10_sp_aij_15,10488077,0.1,10,1524,25,50,even
1078,16.96969696969697,0.0908205815650732,0.211139030675761,0.0230102559092566,0.1223295845268013,0.1125948415335748,0.1697773132713731,0.1991125303549864,0.0985842577177743,0.1911958837751553,0.0837889060893397,10_sp_aij_15,10488077,0.1,10,1524,25,50,even
1079,17.575757575757578,0.1022943372601258,0.1269519636303195,0.0192280309785503,0.1305393477036199,0.1291774149901502,0.1332206360074986,0.2072100453237956,0.0994825070169204,0.2310131853476207,0.0781897772605709,10_sp_aij_15,10488077,0.1,10,1524,25,50,even
1080,18.181818181818183,0.1211428710958592,0.1221773933486813,0.0181132086242291,0.0993254080206784,0.1152467533686045,0.1040299817274064,0.1950868419624353,0.1285266731786354,0.2327415291741025,0.0808578950218596,10_sp_aij_15,10488077,0.1,10,1524,25,50,even
1081,18.78787878787879,0.1320945534602133,0.1056295787418888,0.018003097906343,0.1096006610644608,0.1213377726221447,0.1185479540432255,0.1771899184794362,0.1250136478307998,0.2094948724854119,0.0712163628562999,10_sp_aij_15,10488077,0.1,10,1524,25,50,even
1082,19.393939393939394,0.0984360213342457,0.1122612426673918,0.0167317025962265,0.0927649668827944,0.1232335968493433,0.105550650320287,0.1894388827144801,0.070501557615203,0.232874191860251,0.0638445770156133,10_sp_aij_15,10488077,0.1,10,1524,25,50,even
1083,20.0,0.1049434216004925,0.0963661968160772,0.0136512365711611,0.0957022013428166,0.1205074997677203,0.101454381866004,0.1966110470031038,0.0748051826807709,0.1935258521820055,0.0508035785351263,10_sp_aij_15,10488077,0.1,10,1524,25,50,even
1084,20.60606060606061,0.0890462953039494,0.0956251453632075,0.014721880916199,0.0808489459434686,0.1197308261729667,0.1171260563117071,0.230178537360962,0.0641645176419738,0.1937412864758133,0.0486948381260989,10_sp_aij_15,10488077,0.1,10,1524,25,50,even
1085,21.21212121212121,0.1245460648586044,0.090035483479386,0.0117953474174539,0.0724935382816348,0.1015123496720394,0.1257037769188513,0.1888153594567438,0.053383207044712,0.2010413506714346,0.0594351056564849,10_sp_aij_15,10488077,0.1,10,1524,25,50,even
1086,21.81818181818182,0.1213141277279486,0.0968373896364732,0.0118359461420978,0.0808759244900276,0.1103954879007289,0.1467956417336428,0.2261557124025137,0.0622700588502511,0.2033547305643114,0.0524773181513772,10_sp_aij_15,10488077,0.1,10,1524,25,50,even
1087,22.424242424242426,0.16387544600433,0.1032001943577248,0.0149851369485018,0.0709077346232487,0.0721658082000034,0.1474240642461246,0.2335654886071068,0.0778621129196831,0.2510663318836437,0.0605663790978222,10_sp_aij_15,10488077,0.1,10,1524,25,50,even
1088,23.03030303030303,0.1390172762737062,0.1057848727173421,0.0128459361947933,0.0720948698975618,0.0859589968682477,0.1419737506200063,0.1735938174422542,0.087533941746021,0.2179351865095485,0.0490408555269689,10_sp_aij_15,10488077,0.1,10,1524,25,50,even
1089,23.63636363636364,0.1505185280803808,0.1112977870617291,0.0114277628877437,0.0690263085693886,0.0785276939682247,0.1690917633685513,0.1893438074524974,0.0915436482343237,0.2367552982178707,0.0530779946741796,10_sp_aij_15,10488077,0.1,10,1524,25,50,even
1090,24.24242424242424,0.1386110517272115,0.0992717685320582,0.0124517671801504,0.0838394192280547,0.0691579757521135,0.1814438953706666,0.2097551783079146,0.0801806637867498,0.2055411384155508,0.0503323149927386,10_sp_aij_15,10488077,0.1,10,1524,25,50,even
1091,24.848484848484848,0.1402213631684432,0.0894853349171324,0.0130863288778586,0.0883174198022285,0.0765188930539829,0.1532312339870179,0.232506170016877,0.0651472047635479,0.2109700760519162,0.0495595334234318,10_sp_aij_15,10488077,0.1,10,1524,25,50,even
1092,25.454545454545457,0.1197200459796056,0.0945208476711196,0.0141047263020761,0.0765704356679965,0.0783081391088964,0.1165370233126576,0.1935414201244735,0.0736163462201042,0.179614962813068,0.0673755138478315,10_sp_aij_15,10488077,0.1,10,1524,25,50,even
1093,26.060606060606062,0.130041843974428,0.0942268264816135,0.0144735549542714,0.0880870992993858,0.0739288827231682,0.1360466418721639,0.2102705981667883,0.0746895430511213,0.1813124743639289,0.0589890646900721,10_sp_aij_15,10488077,0.1,10,1524,25,50,even
1094,26.666666666666668,0.1151467279553569,0.0762422089091441,0.013573604719893,0.0876158626791627,0.0964584815904542,0.1309687809047929,0.1821306466869396,0.0753075454637896,0.1621693155071238,0.0559375672545411,10_sp_aij_15,10488077,0.1,10,1524,25,50,even
1095,27.272727272727277,0.1280312357389564,0.076792423417071,0.0154273479431231,0.0883511921011225,0.0961338090505637,0.1340545396225187,0.1788861563861199,0.1005305516556233,0.1446064057757295,0.0496477562282246,10_sp_aij_15,10488077,0.1,10,1524,25,50,even
1096,27.87878787878788,0.1147370777455932,0.0761721301102358,0.0151257764256831,0.0957823818322314,0.1015962695869865,0.1339377230301712,0.1600634861274005,0.1066506732142168,0.1637528741625661,0.0450275673006816,10_sp_aij_15,10488077,0.1,10,1524,25,50,even
1097,28.484848484848484,0.1237183362100171,0.0701478950721547,0.0150373404788473,0.0883341735465026,0.0926212541906936,0.1219190934428802,0.1574968188132267,0.0941895586206062,0.1732371688311403,0.0615372194959959,10_sp_aij_15,10488077,0.1,10,1524,25,50,even
1098,29.090909090909093,0.1233815556488893,0.0747512973185103,0.0164914328842214,0.0892149552018284,0.091096880668176,0.1125882963444649,0.1424043541811606,0.1362510231912078,0.2110851089182621,0.0546886340980859,10_sp_aij_15,10488077,0.1,10,1524,25,50,even
1099,30.0,0.1229860354156287,0.0749568207437426,0.0152707964515389,0.0867599929546184,0.1026991433716107,0.1503479266160249,0.1587517105418112,0.1507245446242461,0.1663316036469152,0.0558095492700894,10_sp_aij_15,10488077,0.1,10,1524,25,50,even
1100,0.0,0.04,0.08,0.06,0.07,0.06,0.01,0.06,0.01,0.06,0.08,10_sp_aij_15,10793741,0.1,10,1524,25,50,even
1101,0.6060606060606061,0.0527198150687158,0.097741042286434,0.0658245264216597,0.0668274485288134,0.0568142968941598,0.0117039825328476,0.0854426080123007,0.0107468883971078,0.0699294090170866,0.092392851320244,10_sp_aij_15,10793741,0.1,10,1524,25,50,even
1102,1.2121212121212122,0.0857915015037057,0.1020082839221781,0.0543024132651814,0.079920216937689,0.0802710412294,0.0125371383894041,0.092781805642679,0.0152564652965413,0.0718542698955091,0.1019161463888381,10_sp_aij_15,10793741,0.1,10,1524,25,50,even
1103,1.8181818181818183,0.0923795147836247,0.0900391540820211,0.0515108509949236,0.0774517233751004,0.067444775678477,0.0165418187985188,0.0896253496372533,0.018809726035719,0.0960330307733826,0.1259542815591508,10_sp_aij_15,10793741,0.1,10,1524,25,50,even
1104,2.4242424242424243,0.1023732354714851,0.0581982606734451,0.0484870150546058,0.0768802790135941,0.057023114024481,0.0214121304752958,0.1025909493421985,0.0286205128546584,0.1165282109510013,0.1055216685425657,10_sp_aij_15,10793741,0.1,10,1524,25,50,even
1105,3.0303030303030303,0.1057754869937644,0.0506828373554274,0.0409674806220298,0.0757520203439173,0.0567396518722492,0.0208922011983071,0.096347170971262,0.0392943393204833,0.1163330303327546,0.0813969616788281,10_sp_aij_15,10793741,0.1,10,1524,25,50,even
1106,3.6363636363636367,0.120951661116171,0.06179534811003,0.0440003743432427,0.0737143427429781,0.0592383273561917,0.0242873212092855,0.1142982518375962,0.0372132679430273,0.094919717482999,0.0642801353492104,10_sp_aij_15,10793741,0.1,10,1524,25,50,even
1107,4.242424242424242,0.1400893621311202,0.0623527745314388,0.0496912991549257,0.0638609147099064,0.065877519370162,0.0307897269369538,0.0838905432562326,0.0421303044598796,0.1127830372528184,0.0772523773251698,10_sp_aij_15,10793741,0.1,10,1524,25,50,even
1108,4.848484848484849,0.1002473027250693,0.0630136915207962,0.0508379179941305,0.0725977976093961,0.0516235833691482,0.0393309971837681,0.1213284959971807,0.0509919024833522,0.0913396868262677,0.0912662639155292,10_sp_aij_15,10793741,0.1,10,1524,25,50,even
1109,5.454545454545455,0.1351642647642369,0.0767679917911795,0.042356991365866,0.0758131849727304,0.0531160943578625,0.0340006163357527,0.1202957350113486,0.0638657393182538,0.0869785516582521,0.0815442228705625,10_sp_aij_15,10793741,0.1,10,1524,25,50,even
1110,6.0606060606060606,0.1511865813774364,0.0893524973069455,0.0406605223461286,0.0727154357564647,0.0608259905872952,0.0405826451740232,0.1281744131666259,0.0793971581931242,0.0970034397459288,0.067313480618965,10_sp_aij_15,10793741,0.1,10,1524,25,50,even
1111,6.666666666666667,0.150874342321107,0.1087549418027647,0.0316822655539424,0.0868587638547763,0.0716206389501829,0.0535764750530517,0.1152495483177309,0.1075887264049062,0.1063241381193383,0.0666777654468515,10_sp_aij_15,10793741,0.1,10,1524,25,50,even
1112,7.272727272727273,0.1206694118445288,0.1045419467106707,0.0231371521192608,0.1007738420663892,0.0754816375317785,0.0444509488506272,0.1176306538691216,0.1142155635900564,0.1483896406641862,0.0620684009083776,10_sp_aij_15,10793741,0.1,10,1524,25,50,even
1113,7.878787878787879,0.0972183934741765,0.1217520276857765,0.0188437236015442,0.0757721932436578,0.0878857316829065,0.0695102468662045,0.1179502577153591,0.1048666655000325,0.1569288822626382,0.0588818695441479,10_sp_aij_15,10793741,0.1,10,1524,25,50,even
1114,8.484848484848484,0.109387943771913,0.1251007648599453,0.0217610717678078,0.0585586514354989,0.082232837770841,0.1011870193232591,0.098375494194547,0.1239974849984586,0.1504657862867075,0.0676384533546686,10_sp_aij_15,10793741,0.1,10,1524,25,50,even
1115,9.090909090909092,0.1245063060302189,0.122512522516448,0.0201977439355417,0.0778494656789167,0.0916380722089182,0.1083272279940952,0.0996253005913613,0.1258712946396025,0.1457446628766985,0.068478630815482,10_sp_aij_15,10793741,0.1,10,1524,25,50,even
1116,9.696969696969695,0.1057727810916204,0.1395630284774548,0.0163942154365966,0.0728173399839893,0.1045949697285811,0.1254121056436231,0.1349620949977368,0.1556386852177113,0.1375315300593256,0.076607818619367,10_sp_aij_15,10793741,0.1,10,1524,25,50,even
1117,10.303030303030305,0.1131265544458956,0.1394108590565187,0.0199790741715405,0.057028379071765,0.1082304335609365,0.1145484833438449,0.1137801270156629,0.1243117482943657,0.1730970969884718,0.0733713809002488,10_sp_aij_15,10793741,0.1,10,1524,25,50,even
1118,10.90909090909091,0.0986528594376491,0.1027521269151777,0.0207552446874701,0.0538532459603337,0.1033651671579448,0.1233489122889448,0.0934220683158036,0.144820809765145,0.1598681459492958,0.0822796936302597,10_sp_aij_15,10793741,0.1,10,1524,25,50,even
1119,11.515151515151516,0.1170568339536941,0.1165337884498393,0.0218877525925103,0.0616096593647844,0.0937992362058212,0.1164978930451527,0.0907980881621732,0.16093092281823,0.1672504027627569,0.0879954265895308,10_sp_aij_15,10793741,0.1,10,1524,25,50,even
1120,12.12121212121212,0.1290064341945175,0.10219562984256,0.0251917108599236,0.0735642966170376,0.0881920150105808,0.110666745904577,0.1006589807326959,0.1680331164980972,0.1508898421247417,0.069866382782516,10_sp_aij_15,10793741,0.1,10,1524,25,50,even
1121,12.727272727272728,0.1428186430940687,0.0852524457621547,0.0299182327714279,0.083242847150406,0.0854513243935496,0.1248094656489712,0.1075921364436635,0.1789373697660986,0.1567821971188584,0.0494625201684996,10_sp_aij_15,10793741,0.1,10,1524,25,50,even
1122,13.333333333333334,0.138510959352799,0.1236929639929766,0.0263527082168648,0.1092793176088509,0.0966150523217499,0.1125696212198586,0.1044431440754101,0.168539469828663,0.1650696418429899,0.0572728631231221,10_sp_aij_15,10793741,0.1,10,1524,25,50,even
1123,13.93939393939394,0.1316373051420325,0.1015255113285379,0.0247509248539035,0.1098105627744823,0.0999277106879013,0.096680381015528,0.1033176765009697,0.1639684845783419,0.1696828356787686,0.0543648880600258,10_sp_aij_15,10793741,0.1,10,1524,25,50,even
1124,14.545454545454549,0.1487514025956686,0.081372036519907,0.0278107408575905,0.1282774454972173,0.0744788666661684,0.0854338184765433,0.1225166360839575,0.1652246027834361,0.1739856866475116,0.0588975285437864,10_sp_aij_15,10793741,0.1,10,1524,25,50,even
1125,15.151515151515152,0.1191769618756891,0.0961598015314894,0.0340314703619066,0.1083736630888063,0.0774832962621313,0.0998947665358556,0.1560482609328152,0.1347747366492049,0.1559647038761589,0.0646250472986856,10_sp_aij_15,10793741,0.1,10,1524,25,50,even
1126,15.757575757575758,0.1042181366531526,0.1217490934974038,0.030592459424521,0.1039247322088933,0.0961085859827197,0.0954036997971788,0.1439377880275624,0.1127550150045019,0.172877553170153,0.0768726453503537,10_sp_aij_15,10793741,0.1,10,1524,25,50,even
1127,16.363636363636363,0.0865142389111746,0.1095124954626987,0.0289670440431409,0.08827211385504,0.092580709083397,0.0947684633577808,0.1367006842031155,0.0941993127268748,0.1815255581310279,0.0555265110201508,10_sp_aij_15,10793741,0.1,10,1524,25,50,even
1128,16.96969696969697,0.0996300014824624,0.1174507264781246,0.0223346466598346,0.0937266346407681,0.1135488367330933,0.0919672196693598,0.1464198302839149,0.1079911630336919,0.1391748615694023,0.0496468120549103,10_sp_aij_15,10793741,0.1,10,1524,25,50,even
1129,17.575757575757578,0.0729869585322955,0.1082411643172286,0.0229916257421193,0.0962789588503822,0.1322373124647617,0.0867954814254194,0.1333486328687552,0.0987091325035989,0.1313338827432633,0.0561163398360178,10_sp_aij_15,10793741,0.1,10,1524,25,50,even
1130,18.181818181818183,0.0790051057963858,0.0960271718976541,0.0258103154367479,0.0943357761932166,0.1578919361186887,0.1289992845667552,0.1379817029120091,0.1111466926605944,0.1225099345661103,0.0730081797451032,10_sp_aij_15,10793741,0.1,10,1524,25,50,even
1131,18.78787878787879,0.0954423970659705,0.0877326947925377,0.0301479856775452,0.0956978721830702,0.192096868864118,0.1490152209303789,0.14992511292329,0.1519698202788686,0.1265378479045786,0.0752361339576406,10_sp_aij_15,10793741,0.1,10,1524,25,50,even
1132,19.393939393939394,0.0955188668278181,0.0835271239758459,0.0337731743519095,0.119069616922467,0.1606510663794984,0.1442440275059382,0.117957116849771,0.1526492573373482,0.1496236157772587,0.0780681094028501,10_sp_aij_15,10793741,0.1,10,1524,25,50,even
1133,20.0,0.0944984272569983,0.0807677658184944,0.0368624068378573,0.0949393909368735,0.1699994535136833,0.1207559700233373,0.1327019666665859,0.1250012552216108,0.2077058003349037,0.0649802855883679,10_sp_aij_15,10793741,0.1,10,1524,25,50,even
1134,20.60606060606061,0.0860010030107713,0.0894980620639829,0.0411352025977007,0.070560210282298,0.1353861477505978,0.0977451026254035,0.1237306070271051,0.1334078767261884,0.1887920588271384,0.0846529489212663,10_sp_aij_15,10793741,0.1,10,1524,25,50,even
1135,21.21212121212121,0.1012481774759698,0.0933772567488809,0.0343158871267348,0.0649190028961986,0.1158025905485774,0.1166026873409816,0.1318905050445069,0.1346359627694356,0.2136247853339767,0.0896562448587796,10_sp_aij_15,10793741,0.1,10,1524,25,50,even
1136,21.81818181818182,0.1068358723845439,0.1005751782860614,0.0352681843565252,0.0577002087689855,0.1277500736285261,0.1352435757606205,0.1076652424065455,0.1222084710276222,0.1600292493383811,0.1057347269150812,10_sp_aij_15,10793741,0.1,10,1524,25,50,even
1137,22.424242424242426,0.1228656164459163,0.0680094875798735,0.0332687985182239,0.0509624871415107,0.1640219748327414,0.1376513307758977,0.1030423443032675,0.1436383110356978,0.1884909723786377,0.0901519045706253,10_sp_aij_15,10793741,0.1,10,1524,25,50,even
1138,23.03030303030303,0.0971787621101664,0.0595788442963809,0.0375926803668948,0.0586003054693066,0.1419470781733542,0.166308986664716,0.1031173348906385,0.1413322816099212,0.1561986272799959,0.0778034197323167,10_sp_aij_15,10793741,0.1,10,1524,25,50,even
1139,23.63636363636364,0.1135628709575794,0.0693254792344114,0.0467889317396267,0.0570867252761909,0.127743423346031,0.1535116904182183,0.1044578214393317,0.1714505896001514,0.1753149155919415,0.0655536241911141,10_sp_aij_15,10793741,0.1,10,1524,25,50,even
1140,24.24242424242424,0.1104476087352634,0.0647956635267303,0.0518333226654589,0.0496703824505605,0.1181587845192226,0.1388275334400341,0.1065890976319306,0.1388621765608806,0.1411165892268613,0.0618902349582637,10_sp_aij_15,10793741,0.1,10,1524,25,50,even
1141,24.848484848484848,0.1011727735659234,0.0600233645963482,0.0502152425543026,0.0842126589172385,0.106035523528687,0.1399925329561534,0.1000075825576647,0.116705712715973,0.1362731259192645,0.0605438666815011,10_sp_aij_15,10793741,0.1,10,1524,25,50,even
1142,25.454545454545457,0.0939071431362573,0.0631375792987881,0.0534289009017039,0.0920444397722574,0.0990219968098837,0.1611812493857157,0.1099323089041712,0.1421574510306356,0.1276273123643988,0.0712022465866803,10_sp_aij_15,10793741,0.1,10,1524,25,50,even
1143,26.060606060606062,0.0946085164570378,0.0705146192569888,0.0498372183219001,0.1177462482128819,0.093626043056756,0.1587042219263574,0.1094665758661098,0.1652575817978162,0.1576717487605047,0.072335788644966,10_sp_aij_15,10793741,0.1,10,1524,25,50,even
1144,26.666666666666668,0.0617308322636002,0.0767901724725372,0.0392809120402844,0.141385658055708,0.0741535758334465,0.1520885349543883,0.1153921554431508,0.1906183780680251,0.1437108077294935,0.0665845913105759,10_sp_aij_15,10793741,0.1,10,1524,25,50,even
1145,27.272727272727277,0.0631708928698576,0.0787755465119378,0.0455613802607534,0.1525665419385143,0.0611583946617625,0.2177167737563777,0.1482050806427916,0.1746484240670038,0.1359273152108659,0.0675371410178323,10_sp_aij_15,10793741,0.1,10,1524,25,50,even
1146,27.87878787878788,0.0720568665597571,0.0688809066278743,0.0534891658784712,0.1827021436290136,0.0674381626313106,0.2065904253772706,0.1554376966763621,0.1930999708500745,0.1778765321555085,0.064885308305495,10_sp_aij_15,10793741,0.1,10,1524,25,50,even
1147,28.484848484848484,0.0695908430707823,0.0894721254998047,0.0516289796472681,0.1446218325539152,0.0553132295464364,0.1680716126638488,0.1584134861000499,0.2420871937687925,0.1549681003449628,0.0746954530069578,10_sp_aij_15,10793741,0.1,10,1524,25,50,even
1148,29.090909090909093,0.0746198521410107,0.1053772521281088,0.0579425331165682,0.1815346655562322,0.0506800242410749,0.1686776027710687,0.1481104873195139,0.2637802607564404,0.1556436501909913,0.0672231228318697,10_sp_aij_15,10793741,0.1,10,1524,25,50,even
1149,30.0,0.0841977732730886,0.1568556479815579,0.0491193745075901,0.1266399299259284,0.0481645002387931,0.1732899267943138,0.1656136977876636,0.2389598866886111,0.1359661311832943,0.062882803035214,10_sp_aij_15,10793741,0.1,10,1524,25,50,even
1150,0.0,0.09,0.05,0.08,0.02,0.07,0.04,0.01,0.05,0.05,0.01,10_sp_aij_15,11563241,0.1,10,1524,25,50,even
1151,0.6060606060606061,0.1251687746746716,0.0661097260540008,0.0791078969915893,0.0203933628753762,0.0643127826687171,0.0402894073816373,0.0142909092135118,0.0555537790921287,0.0581991446393862,0.0147870365881742,10_sp_aij_15,11563241,0.1,10,1524,25,50,even
1152,1.2121212121212122,0.1244040599354709,0.0631154045514158,0.0528476680400845,0.0187669525991395,0.0563198958494892,0.0276667905528411,0.0202940160229401,0.0515080284508338,0.0441404901368087,0.0186398133294192,10_sp_aij_15,11563241,0.1,10,1524,25,50,even
1153,1.8181818181818183,0.146273202223524,0.0750216457198393,0.0476111355947396,0.0264422115528705,0.0572709671684134,0.0349528869746189,0.0280898483013098,0.0630616237714698,0.0453902288619072,0.0164723031494858,10_sp_aij_15,11563241,0.1,10,1524,25,50,even
1154,2.4242424242424243,0.1636823622493479,0.0762401498631978,0.0360483166939301,0.0309815912000643,0.0627563548663614,0.0461133482725865,0.0289007152969986,0.0835809855596163,0.0481906617997381,0.0176339754485781,10_sp_aij_15,11563241,0.1,10,1524,25,50,even
1155,3.0303030303030303,0.1554082648538222,0.0693735482877407,0.0354795877152393,0.039227028163123,0.0617950811217712,0.0401812109968282,0.0325798670401339,0.0631604778666468,0.0502184780466414,0.0182732302724985,10_sp_aij_15,11563241,0.1,10,1524,25,50,even
1156,3.6363636363636367,0.1617438414706123,0.0683447945536925,0.0253696963344711,0.0473580918561246,0.0691540315461076,0.0507827016956757,0.0334576206898983,0.0818535413382725,0.0434760311387496,0.0191409332208948,10_sp_aij_15,11563241,0.1,10,1524,25,50,even
1157,4.242424242424242,0.1727222664771361,0.0602682629727105,0.0226512089812614,0.0559062201229766,0.0533579227757828,0.076176720118577,0.0475738734967021,0.0984925816816289,0.0583316519777554,0.0226781983489253,10_sp_aij_15,11563241,0.1,10,1524,25,50,even
1158,4.848484848484849,0.1697171074817179,0.0734415458890211,0.0155832307355692,0.0709409738435673,0.0538633756084955,0.1026376839453292,0.0564289937453483,0.1124348276831344,0.0608081418597258,0.0207252894977011,10_sp_aij_15,11563241,0.1,10,1524,25,50,even
1159,5.454545454545455,0.1553393391470671,0.098989363686274,0.0118892137171595,0.0782140303619637,0.0523057783616711,0.1153998102970845,0.0739144219755022,0.1256759033047612,0.0686052812513812,0.0200872575251754,10_sp_aij_15,11563241,0.1,10,1524,25,50,even
1160,6.0606060606060606,0.1659388956714711,0.0892831658043014,0.0086585451070615,0.0952115067782852,0.0488595810841709,0.124807057997389,0.1072351522010779,0.1340224085594176,0.0874442237194619,0.0261322774782542,10_sp_aij_15,11563241,0.1,10,1524,25,50,even
1161,6.666666666666667,0.2118950870220674,0.1193766072825576,0.0062687559930248,0.131062436390471,0.0492984683494469,0.1553840687703438,0.1038359565548815,0.150657834224448,0.0984157655170327,0.0210588912172027,10_sp_aij_15,11563241,0.1,10,1524,25,50,even
1162,7.272727272727273,0.196139601346836,0.114826276072096,0.0064726873993981,0.1319785003005678,0.0439468720144784,0.1573960897655013,0.1358922784896401,0.1796007353520135,0.1363630663917308,0.0218433858507543,10_sp_aij_15,11563241,0.1,10,1524,25,50,even
1163,7.878787878787879,0.2028118638163991,0.1175124683694422,0.0055083702428206,0.1599633178194268,0.0481076815877039,0.1957133991332421,0.1736426637952323,0.1471447104433862,0.1532905267407751,0.0317930861162563,10_sp_aij_15,11563241,0.1,10,1524,25,50,even
1164,8.484848484848484,0.1587777824874268,0.1454110861575263,0.0044305739367768,0.1683316587902308,0.0633551940940859,0.2097334565342774,0.2154620191442124,0.1613025641296161,0.1302653948991297,0.0400346486130323,10_sp_aij_15,11563241,0.1,10,1524,25,50,even
1165,9.090909090909092,0.1575039681530947,0.12775770169722,0.004164860590467,0.1502146696166588,0.0825776379265904,0.2136432898193634,0.2408076071682139,0.2004051462551864,0.1773732701767224,0.0477441946054559,10_sp_aij_15,11563241,0.1,10,1524,25,50,even
1166,9.696969696969695,0.1520264847779327,0.1133823221566666,0.0040792279568176,0.1393372441331176,0.0991752348004542,0.2068177222507344,0.2105494389987213,0.1735937784391978,0.1795250669276016,0.0605296879830257,10_sp_aij_15,11563241,0.1,10,1524,25,50,even
1167,10.303030303030305,0.0952240812519697,0.1243031352427787,0.0043513276784793,0.1306270572087672,0.0760705443083453,0.1742792224004504,0.208051467591822,0.1319691354729392,0.2059106973266587,0.0563372631194297,10_sp_aij_15,11563241,0.1,10,1524,25,50,even
1168,10.90909090909091,0.0906325063486689,0.1224433839496722,0.0064739327938676,0.1241469483543053,0.0802541792856721,0.1630620216376359,0.2043239098096998,0.1208767670513931,0.25368978046001,0.0571106534534251,10_sp_aij_15,11563241,0.1,10,1524,25,50,even
1169,11.515151515151516,0.1012817693103172,0.1194048500769845,0.0065915703666424,0.109257940522408,0.0873610953927941,0.1727559352885847,0.1604439532318405,0.1142466048387033,0.2255349062406981,0.0700236484862154,10_sp_aij_15,11563241,0.1,10,1524,25,50,even
1170,12.12121212121212,0.0854949233645957,0.114666449607892,0.0086379842073386,0.118860751759742,0.0978365898525911,0.1488342216474506,0.1810565212233423,0.1220446238124047,0.2263637507906888,0.0609535322009405,10_sp_aij_15,11563241,0.1,10,1524,25,50,even
1171,12.727272727272728,0.0965927227309318,0.1014276534765368,0.0083652860056853,0.092740412264596,0.1172965530453159,0.1880340583656188,0.215079445949016,0.123137988080302,0.2245102208417055,0.0700327261772237,10_sp_aij_15,11563241,0.1,10,1524,25,50,even
1172,13.333333333333334,0.0979016457028919,0.1257369227196186,0.0084602960044027,0.1026060253301136,0.0982171996257829,0.1453362076634555,0.2307170291654419,0.1307736208079785,0.2175598023143585,0.0781877645464462,10_sp_aij_15,11563241,0.1,10,1524,25,50,even
1173,13.93939393939394,0.1109282217310359,0.1192471258208044,0.0074116078041156,0.1296459466227426,0.0916659595670286,0.1642220164409898,0.1687665092198657,0.1303106972732834,0.2100211009754059,0.0569585767895684,10_sp_aij_15,11563241,0.1,10,1524,25,50,even
1174,14.545454545454549,0.1074124852152794,0.0962614861851978,0.0073621840178326,0.1144550347930864,0.101598752738105,0.1784573095812055,0.1748434861068079,0.1186863649254878,0.2185319499454611,0.0504806138333322,10_sp_aij_15,11563241,0.1,10,1524,25,50,even
1175,15.151515151515152,0.1004363581711436,0.0976379643938175,0.0086096488780196,0.1467452275679085,0.09568035020212,0.1625205680831035,0.1961415161747445,0.1209581185786468,0.2231612126029894,0.0422251486989247,10_sp_aij_15,11563241,0.1,10,1524,25,50,even
1176,15.757575757575758,0.0920242217846013,0.1072690452373643,0.0110960980788902,0.1419933369876134,0.0996444613221294,0.182776884508962,0.2019415654895373,0.1052783707477903,0.1993898012556928,0.0452792205197906,10_sp_aij_15,11563241,0.1,10,1524,25,50,even
1177,16.363636363636363,0.07592075308331,0.1096814185739522,0.0110405055103354,0.1185668424199611,0.0904131925240459,0.1898602504383451,0.1735627203188339,0.1076740004297084,0.1902265689080628,0.0556683749188749,10_sp_aij_15,11563241,0.1,10,1524,25,50,even
1178,16.96969696969697,0.0807747543684584,0.1221471400787928,0.010568380439801,0.0991055911459102,0.079795054394622,0.2283489307999996,0.1919259573922136,0.110072770972571,0.2198696336191729,0.0522510693901725,10_sp_aij_15,11563241,0.1,10,1524,25,50,even
1179,17.575757575757578,0.0955593125796098,0.0826218133838117,0.0119580300495172,0.0927555166502262,0.0757827993988111,0.2231966524438758,0.2208326536783895,0.1605502242518166,0.2141381669631005,0.0552481181974296,10_sp_aij_15,11563241,0.1,10,1524,25,50,even
1180,18.181818181818183,0.1057246675457242,0.0707889956365841,0.0145129781623245,0.0913074277170208,0.0779929764578138,0.2127656417136177,0.2925849929496169,0.1508536359659327,0.2492454423799567,0.0534822339405264,10_sp_aij_15,11563241,0.1,10,1524,25,50,even
1181,18.78787878787879,0.1226023637668972,0.0804425810694639,0.0108958495530249,0.107893256393292,0.0724212081109942,0.2102870274286268,0.2520096373455695,0.1711455626372216,0.2758067420221167,0.0518616454143072,10_sp_aij_15,11563241,0.1,10,1524,25,50,even
1182,19.393939393939394,0.1019438879431868,0.0916919654272605,0.0109020499109392,0.0968362965367464,0.0682800510446485,0.2297240391842345,0.2290041780575277,0.1749041225235377,0.2450118749792845,0.04666270352669,10_sp_aij_15,11563241,0.1,10,1524,25,50,even
1183,20.0,0.0804439192013781,0.0990596731293624,0.0109782061366219,0.0947857870189887,0.0775736578930247,0.2333116699351299,0.2506780265123658,0.1360043380438571,0.238054292193289,0.0457479176751089,10_sp_aij_15,11563241,0.1,10,1524,25,50,even
1184,20.60606060606061,0.0677578278280875,0.1067853406798247,0.0106583628858168,0.0839064059374057,0.0827677745428636,0.2388473303114244,0.2581149653108082,0.1281230397352065,0.208977224311177,0.047811690704715,10_sp_aij_15,11563241,0.1,10,1524,25,50,even
1185,21.21212121212121,0.0578854129615047,0.1077874631964467,0.011126642235723,0.0790567122145732,0.0896351866009093,0.2557935496345133,0.2436575865905673,0.1265206921585563,0.1854912603699693,0.0548277046363914,10_sp_aij_15,11563241,0.1,10,1524,25,50,even
1186,21.81818181818182,0.0810229876023948,0.106668404088633,0.011043071440236,0.0946321046139508,0.0888363904726415,0.1961192842536834,0.1946245173114479,0.1204558902279484,0.214242807151464,0.0573124454214483,10_sp_aij_15,11563241,0.1,10,1524,25,50,even
1187,22.424242424242426,0.0830725791696202,0.0969746002126893,0.0102054317280785,0.072351166233379,0.0754330663777156,0.173002817397252,0.2516447012492114,0.1143960867024855,0.204211193275223,0.0550236152669365,10_sp_aij_15,11563241,0.1,10,1524,25,50,even
1188,23.03030303030303,0.1009079380961031,0.0943337507803239,0.0105348103815539,0.0837933610485275,0.074402419081726,0.1727029203790724,0.262377199461155,0.0930446875104407,0.1927088397637793,0.0462394757946337,10_sp_aij_15,11563241,0.1,10,1524,25,50,even
1189,23.63636363636364,0.1209522592552747,0.0981399011135814,0.0099830734846808,0.0904094479801354,0.0845124477516452,0.1510948798225172,0.257735875391443,0.0902731852498375,0.2365287486863019,0.0472466445932587,10_sp_aij_15,11563241,0.1,10,1524,25,50,even
1190,24.24242424242424,0.1749033862741694,0.1095012451490076,0.0092805005848992,0.0715075673659927,0.0955938935752884,0.1343758475997879,0.2541822664621521,0.067595634972383,0.2029819101009227,0.0527400035540524,10_sp_aij_15,11563241,0.1,10,1524,25,50,even
1191,24.848484848484848,0.1407880215819053,0.0937552070502479,0.0116093981922343,0.069975113060695,0.1077099590588479,0.1142410999932308,0.2285822656753544,0.0667531228008625,0.1544078611097547,0.0493451751529977,10_sp_aij_15,11563241,0.1,10,1524,25,50,even
1192,25.454545454545457,0.1515076854386405,0.1004791916194831,0.0099304314825311,0.064445230884558,0.1045348072777696,0.1282588101576142,0.2705900939639319,0.0576899002401548,0.1668332461785504,0.0446638582516414,10_sp_aij_15,11563241,0.1,10,1524,25,50,even
1193,26.060606060606062,0.2053578930787058,0.0927178583594472,0.0082653006357768,0.0678093962809812,0.0984016266190789,0.0997395898387066,0.2334833440123712,0.0606526468440214,0.1843371894788595,0.0510584647332391,10_sp_aij_15,11563241,0.1,10,1524,25,50,even
1194,26.666666666666668,0.1608903058500628,0.1016454726662133,0.0065272568394029,0.0693522536492299,0.1027386049741452,0.1060523991702039,0.19453400580134,0.0569583932913026,0.2024467707303306,0.0464581858810398,10_sp_aij_15,11563241,0.1,10,1524,25,50,even
1195,27.272727272727277,0.1797821943894092,0.1151992404587126,0.0071538771408114,0.07057615812746,0.1352727410665102,0.1116110917357536,0.2221034223296738,0.051093070640311,0.1727169053261232,0.0412673595720502,10_sp_aij_15,11563241,0.1,10,1524,25,50,even
1196,27.87878787878788,0.1772998899126449,0.0937305989796916,0.0079411398854721,0.0781118069058169,0.1423048719948657,0.1048595700702075,0.1962147521433318,0.0417165898831234,0.1682299098406868,0.0410644038100583,10_sp_aij_15,11563241,0.1,10,1524,25,50,even
1197,28.484848484848484,0.1483434708379584,0.101945347233823,0.0082005218031244,0.0686187326029128,0.1625242543205509,0.1116338723908128,0.198620602921137,0.0503141825697051,0.1652516809377767,0.0390696733374141,10_sp_aij_15,11563241,0.1,10,1524,25,50,even
1198,29.090909090909093,0.1561133996550675,0.1087437143515038,0.0058448048769392,0.0664203008653465,0.1543113969354047,0.1339284871034689,0.2525557096019932,0.0411538865518268,0.1666147266665725,0.0459901977879434,10_sp_aij_15,11563241,0.1,10,1524,25,50,even
1199,30.0,0.1462922536504901,0.0934388226331982,0.0043933984697743,0.0695070795645563,0.1688968664740547,0.1089145957704074,0.2820483718326796,0.0354984769877226,0.1738366096001405,0.0450327928848222,10_sp_aij_15,11563241,0.1,10,1524,25,50,even
1200,0.0,0.09,0.09,0.01,0.03,0.06,0.06,0.03,0.08,0.07,0.05,10_sp_aij_15,12733201,0.1,10,1524,25,50,even
1201,0.6060606060606061,0.0780007820443525,0.0786052002737311,0.0083910583344217,0.0396140976979899,0.0795038331481109,0.0595322920263875,0.0286829791464693,0.0988266725146691,0.0752800156178548,0.0430668768037658,10_sp_aij_15,12733201,0.1,10,1524,25,50,even
1202,1.2121212121212122,0.0842788854810511,0.0871889633477129,0.0088713692994247,0.0458214543371221,0.1003987143168911,0.0791181179271957,0.0401871272859801,0.1024625745058702,0.0880398245158739,0.0476504422581568,10_sp_aij_15,12733201,0.1,10,1524,25,50,even
1203,1.8181818181818183,0.129733352856613,0.0892081828563135,0.0097741023321105,0.0698451157350974,0.0928081383010652,0.0728764072013788,0.0478883358563658,0.1335642420733461,0.1019302116938022,0.046579664786849,10_sp_aij_15,12733201,0.1,10,1524,25,50,even
1204,2.4242424242424243,0.1194637228256475,0.0883331771265446,0.0091554578301632,0.0865216369569573,0.1138864103381959,0.0933451211628235,0.0528801393619741,0.1646687454049354,0.1413909880005113,0.0605063540848935,10_sp_aij_15,12733201,0.1,10,1524,25,50,even
1205,3.0303030303030303,0.1267871898422319,0.0833626288692394,0.0080661530152049,0.0793097464209816,0.1020010479537937,0.1155004404552285,0.0643921773755726,0.1899039169902571,0.1355304048013706,0.0678168255380106,10_sp_aij_15,12733201,0.1,10,1524,25,50,even
1206,3.6363636363636367,0.1090199564934871,0.0843515627213517,0.0082558924889174,0.0795536966048966,0.0954259288850007,0.1176530202591809,0.0765518842702462,0.1900900504918788,0.1541623318124611,0.0632386687653229,10_sp_aij_15,12733201,0.1,10,1524,25,50,even
1207,4.242424242424242,0.1272596309934648,0.0802227234270485,0.0087696073090719,0.0769737915081748,0.1019627726863036,0.1377656996437383,0.1170992615803738,0.1781519116327349,0.1504315738975139,0.0660698617017914,10_sp_aij_15,12733201,0.1,10,1524,25,50,even
1208,4.848484848484849,0.1247750434884813,0.0679028443281466,0.0064909739780869,0.0859332644116267,0.1243310170821422,0.1147147789313773,0.1158017730900992,0.1791673139917986,0.1533905238776092,0.0613364251088054,10_sp_aij_15,12733201,0.1,10,1524,25,50,even
1209,5.454545454545455,0.0996001785613745,0.0857623215625453,0.0069685417485159,0.0683230625066053,0.1060859488536941,0.1325836512703104,0.1359666287635981,0.1734650397084108,0.1483160098252931,0.0665505043336125,10_sp_aij_15,12733201,0.1,10,1524,25,50,even
1210,6.0606060606060606,0.1027605332074886,0.0819104181893606,0.0100888775603387,0.0689249031368169,0.116838215772079,0.1606840022698918,0.1327636767803728,0.2005654037254665,0.1683342551975724,0.063412829695216,10_sp_aij_15,12733201,0.1,10,1524,25,50,even
1211,6.666666666666667,0.1134363009654499,0.110859400837102,0.0104057521081811,0.0782337324605682,0.1146984282700383,0.1724103221613271,0.1464622315735787,0.2110985937138879,0.1770739895350635,0.0507174271246946,10_sp_aij_15,12733201,0.1,10,1524,25,50,even
1212,7.272727272727273,0.10799480365691,0.1312130598412538,0.0095814419847176,0.0756822245343315,0.1196305814818178,0.177211422656399,0.1823426233987747,0.1790565158468455,0.1975585047185114,0.0409319914400962,10_sp_aij_15,12733201,0.1,10,1524,25,50,even
1213,7.878787878787879,0.1120313056858368,0.1389511872076847,0.0093621101017734,0.060992865268893,0.1139466549963498,0.1543821676463516,0.1853360117685626,0.1406255101322414,0.2576261031887775,0.0387529469946855,10_sp_aij_15,12733201,0.1,10,1524,25,50,even
1214,8.484848484848484,0.1238306637693282,0.112412950003738,0.0083968530442439,0.0695370457919541,0.1011129960792729,0.1513010129041465,0.1810312654784355,0.1613432442129826,0.186861938837156,0.0404782798525506,10_sp_aij_15,12733201,0.1,10,1524,25,50,even
1215,9.090909090909092,0.1074528495011384,0.1132848904140925,0.009534023677523,0.0907236410915065,0.1158486879764953,0.1533146116682373,0.1871271666169132,0.1471831204577565,0.1812693054173852,0.0427383298893303,10_sp_aij_15,12733201,0.1,10,1524,25,50,even
1216,9.696969696969695,0.0798671713026583,0.1246049386593049,0.0101000951253816,0.0900351063632747,0.1061055553242556,0.1589430800789045,0.1599063813752302,0.150551903607363,0.1511906022551227,0.0547946606089673,10_sp_aij_15,12733201,0.1,10,1524,25,50,even
1217,10.303030303030305,0.0802334322534358,0.1078952974237801,0.0103219602946962,0.0787766280137591,0.1079443343056031,0.1668124294084243,0.14892083546114,0.1423305523128511,0.162668568120156,0.0495877057453084,10_sp_aij_15,12733201,0.1,10,1524,25,50,even
1218,10.90909090909091,0.0868927549127311,0.1010095764275125,0.0112590551681025,0.0899081806438473,0.1139081941502711,0.1676721709939362,0.172951602571408,0.1713093423172644,0.1856216829754292,0.042097460962573,10_sp_aij_15,12733201,0.1,10,1524,25,50,even
1219,11.515151515151516,0.0918810793888983,0.0971842409465982,0.0121652990281823,0.1100656652730748,0.122911887820866,0.1838813642843484,0.1689330543659162,0.1632628840616724,0.1826099839405412,0.0437362130726204,10_sp_aij_15,12733201,0.1,10,1524,25,50,even
1220,12.12121212121212,0.0825380376178393,0.1045120777130038,0.0168464072777695,0.1001723465593756,0.1157535038237805,0.1682723313741761,0.1375428587413766,0.1694415863119529,0.1879760688406182,0.0448116962348612,10_sp_aij_15,12733201,0.1,10,1524,25,50,even
1221,12.727272727272728,0.0733542512428996,0.0993740552873364,0.0158400510090471,0.1070146829757212,0.0989046930880913,0.2057781162850729,0.1198116334833923,0.1544006476723071,0.1852122525056634,0.0435878343519776,10_sp_aij_15,12733201,0.1,10,1524,25,50,even
1222,13.333333333333334,0.0864261476145127,0.0773818619512227,0.0179538553268438,0.0960411771730337,0.0962126852053259,0.1868207304810513,0.1268311577493215,0.1647637920867951,0.1975524015380685,0.0523387537224517,10_sp_aij_15,12733201,0.1,10,1524,25,50,even
1223,13.93939393939394,0.1142950136273201,0.0999902705471779,0.0131894723803184,0.0948557929643872,0.0963847635082448,0.1843695510443601,0.1579852911302958,0.1574676076653531,0.1437366085887856,0.0496722245060613,10_sp_aij_15,12733201,0.1,10,1524,25,50,even
1224,14.545454545454549,0.1181441228651058,0.0816439936737689,0.0105660298970497,0.0997930990396412,0.0907291181873188,0.2052155352308275,0.1879382185538883,0.1159705645944358,0.1500496050569312,0.0605731191589262,10_sp_aij_15,12733201,0.1,10,1524,25,50,even
1225,15.151515151515152,0.135064477624888,0.0861931533602046,0.0103616919729865,0.0833145099736125,0.0963556266119408,0.2048573991117154,0.2227088499721355,0.1079837562365006,0.1735404800298914,0.0446815719029221,10_sp_aij_15,12733201,0.1,10,1524,25,50,even
1226,15.757575757575758,0.1218700187539861,0.1008452487286494,0.0099573068153332,0.09852874496783,0.0783119039169751,0.1703030049100799,0.2327310592954977,0.1281836664090224,0.1730448356044306,0.0483892815576116,10_sp_aij_15,12733201,0.1,10,1524,25,50,even
1227,16.363636363636363,0.1265511885263157,0.1091332629994241,0.007306768760947,0.1118339262256182,0.0712185945300945,0.1685738675769755,0.2859487178060143,0.0911952815546158,0.1602213301661094,0.044925032809076,10_sp_aij_15,12733201,0.1,10,1524,25,50,even
1228,16.96969696969697,0.1206903976080615,0.1217455264328526,0.0069185392692094,0.0836466853587694,0.0576121745451944,0.1625317367381891,0.2152236342206837,0.0945559233284037,0.1875349036969833,0.0438974300166309,10_sp_aij_15,12733201,0.1,10,1524,25,50,even
1229,17.575757575757578,0.1429821904223428,0.1110551231162783,0.0081333277974066,0.0829807682484035,0.0590496739390149,0.1303832866169317,0.1982252205972478,0.0999473516496552,0.2184421747638691,0.052811725495862,10_sp_aij_15,12733201,0.1,10,1524,25,50,even
1230,18.181818181818183,0.1143694169283589,0.1016200137453471,0.0082860120033073,0.0958258226193208,0.067117167791437,0.1345272038500776,0.2039778344043544,0.1009269021665725,0.2233440396796853,0.04645855279819,10_sp_aij_15,12733201,0.1,10,1524,25,50,even
1231,18.78787878787879,0.1012278974518381,0.1211780692758494,0.007600677171837,0.0900963991435475,0.0667512223513372,0.1444540652383569,0.1940036909528478,0.0854761236573165,0.1826118222184002,0.0538322930550344,10_sp_aij_15,12733201,0.1,10,1524,25,50,even
1232,19.393939393939394,0.1102675887996649,0.1126533466938426,0.0091055818914492,0.0743093792069034,0.0695303687112788,0.1214241219320331,0.1783590714406539,0.0631971633374285,0.1971121980751423,0.0522852165374092,10_sp_aij_15,12733201,0.1,10,1524,25,50,even
1233,20.0,0.1132874438758909,0.1083881180152563,0.0086595201102116,0.0713235545617412,0.0935759845391017,0.10853295450905,0.1930895840010682,0.0836952421512432,0.1487852251806104,0.045361288496795,10_sp_aij_15,12733201,0.1,10,1524,25,50,even
1234,20.60606060606061,0.1073345517467624,0.103139593898562,0.0096367697101198,0.0930074444283619,0.0999100189112094,0.1053168116504176,0.1964665586360443,0.0864291380031355,0.1367763763973635,0.0341094201590901,10_sp_aij_15,12733201,0.1,10,1524,25,50,even
1235,21.21212121212121,0.0855094056595545,0.0938058655904921,0.0095548026976717,0.0754700698950523,0.1243213571921819,0.1437308054951828,0.1736199093858174,0.1034464464190785,0.1264973524835875,0.0397719535521627,10_sp_aij_15,12733201,0.1,10,1524,25,50,even
1236,21.81818181818182,0.0824119971607963,0.0706944267961003,0.0125928736898763,0.0775462369009196,0.1112284775135429,0.1620531505746459,0.1552059411122972,0.1045157133998571,0.1672163512316486,0.040472920227044,10_sp_aij_15,12733201,0.1,10,1524,25,50,even
1237,22.424242424242426,0.1141996105855681,0.0773559983276574,0.014753926904591,0.0748515106288196,0.1216592342052447,0.1885549973380894,0.2183718085811488,0.1226202569403699,0.1767659928803204,0.0384863557856849,10_sp_aij_15,12733201,0.1,10,1524,25,50,even
1238,23.03030303030303,0.1078152373304598,0.0753151211441397,0.0165469289521463,0.0795548791074333,0.1030259573951214,0.1959688661954352,0.2205588032136994,0.1037877987381806,0.1543280317556616,0.0436000318582484,10_sp_aij_15,12733201,0.1,10,1524,25,50,even
1239,23.63636363636364,0.1115407428719774,0.0647977215384586,0.0159985229640893,0.0920101902902003,0.1008098446308508,0.1817857153547621,0.2812847626307154,0.101166694522827,0.1441198968970963,0.0479023188789891,10_sp_aij_15,12733201,0.1,10,1524,25,50,even
1240,24.24242424242424,0.1122314681317363,0.0873935003223145,0.0212262375525008,0.0852153959523934,0.1067506936683706,0.1647474908313362,0.2738229121109623,0.1020335926049695,0.1643316961505023,0.0441580820057865,10_sp_aij_15,12733201,0.1,10,1524,25,50,even
1241,24.848484848484848,0.1117292968168387,0.0913936360604606,0.0190238216704531,0.0816302895005212,0.1073621343887375,0.1545815277218832,0.2710216471651717,0.1052480979656846,0.1786153657566023,0.0434586068133422,10_sp_aij_15,12733201,0.1,10,1524,25,50,even
1242,25.454545454545457,0.1071122307574549,0.1053722765147038,0.0194984371236424,0.0765387605017877,0.1044322640573346,0.1939863008330578,0.2223789863532804,0.091276915791476,0.2174252053819313,0.0489254296044651,10_sp_aij_15,12733201,0.1,10,1524,25,50,even
1243,26.060606060606062,0.1234098625260172,0.1074135299619138,0.0144444886412669,0.0847957807347585,0.1120010128179961,0.1655063686036689,0.182595270473044,0.0934587381963064,0.2059092538452059,0.0532531195547222,10_sp_aij_15,12733201,0.1,10,1524,25,50,even
1244,26.666666666666668,0.1322226057434962,0.1102556125557333,0.0160788777114634,0.063063609975858,0.1120053805923464,0.1644083144015407,0.1847281208006187,0.0803248616290419,0.1712279027333507,0.0635177659453693,10_sp_aij_15,12733201,0.1,10,1524,25,50,even
1245,27.272727272727277,0.1166106662516196,0.0987892821040195,0.0163660812214025,0.0826638408422019,0.0848488732470159,0.1543866002047985,0.194262157187512,0.0771187377263979,0.1918481652965386,0.068419329674769,10_sp_aij_15,12733201,0.1,10,1524,25,50,even
1246,27.87878787878788,0.106807934268651,0.1029868826538558,0.0149692724990325,0.0914634942181501,0.0883672592981013,0.1620612441808417,0.1891095802226959,0.0795624524694053,0.1670207930420272,0.0620675643945489,10_sp_aij_15,12733201,0.1,10,1524,25,50,even
1247,28.484848484848484,0.137775177180436,0.1141786214335215,0.0144863121250257,0.1042291120621919,0.0750181743551187,0.1291222262329833,0.179746087355998,0.0980000371087132,0.169036334382693,0.0673780477911218,10_sp_aij_15,12733201,0.1,10,1524,25,50,even
1248,29.090909090909093,0.1546002017268509,0.1049032672036797,0.0126445123186207,0.1021815728564658,0.0784791651244529,0.1176511929023761,0.1724062857893938,0.0811142290698087,0.1921280884793511,0.0688790451723023,10_sp_aij_15,12733201,0.1,10,1524,25,50,even
1249,30.0,0.1458274222339174,0.091606323254737,0.016999802776265,0.0851390069752998,0.0840914156275068,0.1094115895207024,0.1707392323164456,0.0939071348406478,0.2043347262878261,0.0851497672952913,10_sp_aij_15,12733201,0.1,10,1524,25,50,even
