,time,species_0,species_1,species_2,species_3,species_4,species_5,species_6,species_7,species_8,species_9,ground_truth,timeseries_id,noise,n_species,did,n_timeseries,n_timepoints,sampling_scheme
0,0.0,0.04,0.05,0.01,0.02,0.02,0.07,0.01,0.09,0.07,0.03,10_sp_aij_45,36656,0.1,10,8042,9,30,even
1,0.9090909090909092,0.0607273656315684,0.0749122318071557,0.0119591698523135,0.019733981444522,0.041873823437297,0.0699945838622327,0.0075200298510761,0.0660481832439277,0.0742473214407673,0.0439809736077549,10_sp_aij_45,36656,0.1,10,8042,9,30,even
2,1.8181818181818183,0.1043461464637714,0.0892292200708562,0.0166334579447729,0.0202043512894812,0.0541007678879593,0.0918375125821649,0.0074972290749182,0.0666864071028957,0.0797456453732956,0.0624442901670975,10_sp_aij_45,36656,0.1,10,8042,9,30,even
3,3.0303030303030303,0.1506388676228173,0.1531183254025951,0.022153155829236,0.0280377412720775,0.0713928471579865,0.1121863176256876,0.0093040993263424,0.0561632819453576,0.0614182376765992,0.0790851999366107,10_sp_aij_45,36656,0.1,10,8042,9,30,even
4,3.939393939393939,0.2008467078302385,0.1745806215553722,0.0340004916089031,0.0258277172170453,0.0837709003771992,0.1027038807887447,0.0095961457805408,0.0733894774738182,0.05502727791972,0.0843146979320457,10_sp_aij_45,36656,0.1,10,8042,9,30,even
5,5.151515151515151,0.2035859214995163,0.1790844505558206,0.0643553546702334,0.0322562534445921,0.1237140623904972,0.1664334951097149,0.009353081577765,0.0617488324737826,0.0569348578244636,0.1073247850415378,10_sp_aij_45,36656,0.1,10,8042,9,30,even
6,6.0606060606060606,0.1999640129378272,0.2181088781683156,0.0953813852666317,0.0449620045499116,0.1426126213745149,0.1785000730115799,0.0107186603528925,0.0577036487157595,0.0562597867631704,0.1492897971798079,10_sp_aij_45,36656,0.1,10,8042,9,30,even
7,6.96969696969697,0.2184543965902987,0.1596219229244357,0.1321126077408208,0.0526222134790109,0.1295834046798718,0.1390586878854104,0.0128682227505435,0.0384389791603365,0.0460277041281638,0.1326778931772913,10_sp_aij_45,36656,0.1,10,8042,9,30,even
8,8.181818181818182,0.2088382994515474,0.2000134368940208,0.1812509423986863,0.0563571541902657,0.1339694967731176,0.1495838887544628,0.0180530091409398,0.037262814001239,0.0448480003027165,0.152660284385933,10_sp_aij_45,36656,0.1,10,8042,9,30,even
9,9.090909090909092,0.1225311139924553,0.2047412550319265,0.1731477735592374,0.0523016596087039,0.1657319313843165,0.1598579686186707,0.0169880754085664,0.0316444616152824,0.0370622954658311,0.1396289356263226,10_sp_aij_45,36656,0.1,10,8042,9,30,even
10,10.303030303030305,0.1120076520222768,0.2307110393541313,0.1751771913199128,0.0515542990176543,0.206756794627447,0.1535312927687321,0.0242177157423643,0.0282292319797714,0.0318791635611842,0.0876764675627749,10_sp_aij_45,36656,0.1,10,8042,9,30,even
11,11.212121212121213,0.1008067920778529,0.2214874831524882,0.2093433906809519,0.0410015725048301,0.214499022764498,0.1747825913353246,0.0259109539648391,0.0221014512185274,0.0306433250369336,0.1032007100377266,10_sp_aij_45,36656,0.1,10,8042,9,30,even
12,12.12121212121212,0.1155335955636195,0.2584708025971245,0.2274179152520795,0.060439799493182,0.2644881589999218,0.2240297509123748,0.0378375837306861,0.0180910799523906,0.0258318814463757,0.1355934275781233,10_sp_aij_45,36656,0.1,10,8042,9,30,even
13,13.333333333333334,0.1071598519703149,0.2377524128540277,0.2890787995746147,0.0815457034980282,0.1937507331602784,0.2329084547013157,0.0527166988808871,0.0140640349469418,0.0360980558461082,0.1419559802639681,10_sp_aij_45,36656,0.1,10,8042,9,30,even
14,14.242424242424242,0.14360195263902,0.2527070158282587,0.2217911000626255,0.0871490961835519,0.205998233316981,0.2079803656108049,0.0729210102274587,0.0125709128521216,0.0320886474802238,0.147923605437089,10_sp_aij_45,36656,0.1,10,8042,9,30,even
15,15.454545454545457,0.1402219158160394,0.2317206996158086,0.205165407266759,0.0794501953875702,0.1822450733135774,0.205233734657358,0.074527234993531,0.010174110297431,0.0363735981468808,0.1934255444466463,10_sp_aij_45,36656,0.1,10,8042,9,30,even
16,16.363636363636363,0.1919695702744542,0.1726429030483244,0.2183559898975601,0.0926642474438843,0.1979423145428729,0.1874188791286686,0.0557621409252546,0.0100699841948002,0.0378542463567225,0.2089398904303867,10_sp_aij_45,36656,0.1,10,8042,9,30,even
17,17.575757575757578,0.2198567716433549,0.2816380598808157,0.1930192882808799,0.097463608947048,0.165137556018562,0.2162417003737297,0.0853875572534004,0.0084557853119739,0.0374944337137377,0.2092556462595981,10_sp_aij_45,36656,0.1,10,8042,9,30,even
18,18.484848484848484,0.1907177837153254,0.2875716284596186,0.1966571868353377,0.1038865125974031,0.1779659790429706,0.2324199023951668,0.0801751177374161,0.0092128362609259,0.0317100878159542,0.1734760317824802,10_sp_aij_45,36656,0.1,10,8042,9,30,even
19,19.393939393939394,0.2152539456575907,0.2409378314634109,0.2381157757997839,0.0946628799989454,0.2185231020894314,0.2254220025237096,0.0912547430836612,0.0094482636739069,0.0290660544541764,0.1306700137684408,10_sp_aij_45,36656,0.1,10,8042,9,30,even
20,20.60606060606061,0.187031788144722,0.286783739536586,0.2469013818024585,0.0938856035142431,0.2188647176810091,0.255781629029327,0.1135476106377327,0.0092468898824021,0.0241990655696645,0.1570071760633072,10_sp_aij_45,36656,0.1,10,8042,9,30,even
21,21.51515151515152,0.2290070109764664,0.2605798519383485,0.2531148640252912,0.0922903865699625,0.2234785100646742,0.2532987687870689,0.0892444746644147,0.008843762439508,0.0242292479752192,0.1228846652994229,10_sp_aij_45,36656,0.1,10,8042,9,30,even
22,22.727272727272727,0.1992016250576945,0.2900497814750986,0.2499810785746203,0.0921420047710032,0.1729529864915601,0.1951821227389037,0.0910824449499961,0.0071730505492104,0.0250280539827773,0.1473309386367801,10_sp_aij_45,36656,0.1,10,8042,9,30,even
23,23.63636363636364,0.194059260445119,0.3775386694580966,0.2705349996033792,0.1156878581188104,0.218085947533971,0.1730654433186542,0.1005799539091462,0.0080565201186189,0.0218137829620771,0.1884312807496724,10_sp_aij_45,36656,0.1,10,8042,9,30,even
24,24.545454545454547,0.1979860704429372,0.2689515944750313,0.2837281707536377,0.09013865862449,0.2512620334030054,0.2385750087830064,0.0987577121037942,0.0068776697149154,0.0215744938069814,0.1629240364947953,10_sp_aij_45,36656,0.1,10,8042,9,30,even
25,25.75757575757576,0.2413398853179952,0.2330132285231597,0.2206529313840532,0.0957005874268593,0.2335858185017794,0.2436853419250534,0.080052853860853,0.0050262343851601,0.0225817310515009,0.208771905769118,10_sp_aij_45,36656,0.1,10,8042,9,30,even
26,26.666666666666668,0.2180198898870638,0.2210895465015634,0.1917487504367274,0.1011315438978368,0.2853961301597191,0.2591303329918145,0.0907629188014534,0.003860036768689,0.025426738502369,0.1943141020121271,10_sp_aij_45,36656,0.1,10,8042,9,30,even
27,27.87878787878788,0.1659739922143741,0.2014487937954981,0.2134884626411576,0.1168548939841272,0.1962649083845699,0.3102148381849692,0.1007453615253064,0.0,0.0237855449373121,0.1534156130420038,10_sp_aij_45,36656,0.1,10,8042,9,30,even
28,28.78787878787879,0.1601311582872207,0.2544098373542813,0.1862254811038225,0.128351350246673,0.1812731150111473,0.2520273389735287,0.0898290302689245,0.0,0.0182615039040332,0.1994390845460105,10_sp_aij_45,36656,0.1,10,8042,9,30,even
29,30.0,0.1709404230782895,0.2483844928988473,0.2311918024254155,0.1471247581944792,0.148686621302905,0.2234140627853766,0.0691270213771698,0.0,0.0123498337055821,0.1818291108866398,10_sp_aij_45,36656,0.1,10,8042,9,30,even
30,0.0,0.06,0.09,0.02,0.06,0.03,0.03,0.04,0.03,0.02,0.03,10_sp_aij_45,416304,0.1,10,8042,9,30,even
31,0.9090909090909092,0.0898641021919702,0.0951649323947379,0.0369637720866346,0.0483410543930613,0.0426573323167263,0.0477471353777138,0.0341132962227884,0.0293055264428528,0.0179898126165215,0.0302228289900731,10_sp_aij_45,416304,0.1,10,8042,9,30,even
32,1.8181818181818183,0.16785670871753,0.1193501733218911,0.0398977031079913,0.06915881008273,0.0443080285457907,0.06750156418241,0.0335087731985215,0.0319167268140883,0.0177004558806196,0.0474520317673001,10_sp_aij_45,416304,0.1,10,8042,9,30,even
33,3.0303030303030303,0.2390313295144543,0.1041525906860718,0.0683919587786393,0.0745328201999057,0.0902684366797975,0.1308507303562078,0.0353776252283212,0.0375836657806359,0.0207962613496019,0.0816799438597539,10_sp_aij_45,416304,0.1,10,8042,9,30,even
34,3.939393939393939,0.2070116440195023,0.1012473288007201,0.0691472596153239,0.0732524405348955,0.1051458255295589,0.1403079267382507,0.038104288295467,0.0417563682600887,0.0252969880877041,0.0810966133394805,10_sp_aij_45,416304,0.1,10,8042,9,30,even
35,5.151515151515151,0.2416509433023333,0.1276104833750623,0.0777017756353527,0.0764304601208216,0.1047764221109536,0.2020752964440464,0.0395405126624126,0.0578937988066531,0.0196312402941755,0.1044444886108873,10_sp_aij_45,416304,0.1,10,8042,9,30,even
36,6.0606060606060606,0.1959368383171013,0.1428006584436227,0.0823853422732758,0.0709509843848806,0.1200670033590806,0.1686508004049993,0.0344811922906287,0.0467803671214873,0.0151535918796444,0.1182216074950181,10_sp_aij_45,416304,0.1,10,8042,9,30,even
37,6.96969696969697,0.1876240949233068,0.1888007559213487,0.1142604483121681,0.0680960485023361,0.1122545986075244,0.2157281254051442,0.035174461626565,0.0620732585346637,0.0170725784631355,0.0913992469413798,10_sp_aij_45,416304,0.1,10,8042,9,30,even
38,8.181818181818182,0.1820381416127069,0.1814864391093389,0.1190063726434907,0.0698844107684198,0.1170879510801518,0.2206192063416342,0.0455726213297207,0.0658660054757617,0.0198893248276322,0.1362049083319592,10_sp_aij_45,416304,0.1,10,8042,9,30,even
39,9.090909090909092,0.1963439116600911,0.2141153906253861,0.1435334644688647,0.0700946707241522,0.1503263135745049,0.1718488605237307,0.0518644730398834,0.0447749220780026,0.0235648926750969,0.1508664430967133,10_sp_aij_45,416304,0.1,10,8042,9,30,even
40,10.303030303030305,0.2125931500185884,0.2499201431678632,0.1401928853054312,0.0667066993112483,0.1591384900334083,0.1910873564667818,0.0502244010253992,0.0447567497728881,0.0240700782062615,0.1293968490258929,10_sp_aij_45,416304,0.1,10,8042,9,30,even
41,11.212121212121213,0.1835400762817307,0.2378611402148339,0.1264751873257054,0.0643969379883746,0.1672339365314026,0.1617100653868484,0.0371454763663513,0.0458949118691072,0.0246227915299415,0.1408005907255904,10_sp_aij_45,416304,0.1,10,8042,9,30,even
42,12.12121212121212,0.1872563717576902,0.232147083223853,0.1667311248662988,0.0622260372645395,0.2136361222224048,0.1784567061606301,0.0351417439986881,0.035468826674614,0.0297526981611596,0.1312921090293679,10_sp_aij_45,416304,0.1,10,8042,9,30,even
43,13.333333333333334,0.201979080222127,0.1925540546133922,0.1807729652743223,0.0641472487726365,0.2242150637399898,0.1812066334760622,0.0439769451325582,0.0323593833041893,0.0427282638896993,0.137128647629586,10_sp_aij_45,416304,0.1,10,8042,9,30,even
44,14.242424242424242,0.1957919577318358,0.2217880887014527,0.2160459506217734,0.0665091933428721,0.1980452791283347,0.1740460431149041,0.054096345195642,0.0237418071337328,0.0491680740296832,0.1428624124841324,10_sp_aij_45,416304,0.1,10,8042,9,30,even
45,15.454545454545457,0.1696463810428492,0.2469476395858455,0.1888591326620463,0.0808004145565318,0.1889096104413443,0.1578661756178949,0.0465832647196814,0.0224274074445615,0.040643040917933,0.1572868774463313,10_sp_aij_45,416304,0.1,10,8042,9,30,even
46,16.363636363636363,0.2098995546803276,0.2353043528532086,0.1841704619848069,0.0663462143241655,0.2454772072620124,0.1627508112831403,0.0373946122495039,0.0165539424283567,0.0506828311281991,0.1488808074782205,10_sp_aij_45,416304,0.1,10,8042,9,30,even
47,17.575757575757578,0.2051195828742994,0.2194638818553672,0.1921757962150083,0.0837816516955792,0.211257432972034,0.1701692277051829,0.0398022406900404,0.0178223023138489,0.0545639256002705,0.1533705570977035,10_sp_aij_45,416304,0.1,10,8042,9,30,even
48,18.484848484848484,0.226929442666397,0.2003553594293596,0.1701349660867122,0.0781106221873076,0.1899588446244891,0.2013854920212062,0.0557279909841553,0.0199043868787084,0.0479355318693326,0.1088222242974311,10_sp_aij_45,416304,0.1,10,8042,9,30,even
49,19.393939393939394,0.2374618161911437,0.2417461662469983,0.1709259035084089,0.0778317526912249,0.3038463349124253,0.1808146083678967,0.0499370736242524,0.0162434148307967,0.0529895662545795,0.0929380671616107,10_sp_aij_45,416304,0.1,10,8042,9,30,even
50,20.60606060606061,0.1750813914404242,0.3109079051712745,0.150959603373225,0.1006361526544645,0.2472172435554011,0.1981040464092351,0.0421566495961764,0.0189804709138938,0.0530525114751868,0.0992096618629966,10_sp_aij_45,416304,0.1,10,8042,9,30,even
51,21.51515151515152,0.1473041780764257,0.2347302047636791,0.1998360826093723,0.0740878066523551,0.2602486284157567,0.2381582217124718,0.0382470426754909,0.0160349450759439,0.0593802126860113,0.0849896416975362,10_sp_aij_45,416304,0.1,10,8042,9,30,even
52,22.727272727272727,0.2085137144117564,0.3536950751243378,0.2018968757014284,0.06835827333236,0.2136671673771238,0.2435960455683374,0.0563319414045596,0.0140558898678409,0.0655472142159401,0.0878485024771002,10_sp_aij_45,416304,0.1,10,8042,9,30,even
53,23.63636363636364,0.2078119549273829,0.291987541138289,0.2942176083208128,0.1068232661013439,0.2821738474878206,0.2285184216392575,0.0500188662433846,0.0115173716368833,0.0581204247661038,0.1027449295190096,10_sp_aij_45,416304,0.1,10,8042,9,30,even
54,24.545454545454547,0.2180050696394821,0.2622879037534723,0.2942995908825819,0.1032289346823349,0.2175901444153891,0.2451544816054399,0.0893373145251713,0.0124853791014889,0.0684982978108457,0.1036177340048214,10_sp_aij_45,416304,0.1,10,8042,9,30,even
55,25.75757575757576,0.2089049578303386,0.2559157831858671,0.1964914431922086,0.1529430001638841,0.2741474445906458,0.2806298067098925,0.1268950125499906,0.0127293467742389,0.0592483246002008,0.1189055679831201,10_sp_aij_45,416304,0.1,10,8042,9,30,even
56,26.666666666666668,0.2441120861325344,0.2327078097640073,0.2068108853206723,0.1326917361483727,0.1852770999221353,0.2259109346980412,0.1013422134769377,0.0097475423108871,0.0491682796477022,0.1635858815301611,10_sp_aij_45,416304,0.1,10,8042,9,30,even
57,27.87878787878788,0.1831426445140176,0.2600618955566695,0.2592661888201481,0.1509609390219398,0.1790107556822446,0.3019238137978604,0.1008246363494495,0.0129656259365548,0.0365830131175455,0.1339575936346968,10_sp_aij_45,416304,0.1,10,8042,9,30,even
58,28.78787878787879,0.2211788093933938,0.3105657234151994,0.2493607874471891,0.1491241734659298,0.1976433519520117,0.2638432871528559,0.0803487916597033,0.0100584188321667,0.0389924941269821,0.1538356532629449,10_sp_aij_45,416304,0.1,10,8042,9,30,even
59,30.0,0.2087924734196926,0.3286790108420749,0.3266502083844885,0.1231344038477226,0.2423899862211897,0.2000202388603218,0.0635589018158702,0.0112940621677834,0.0354327308126148,0.1527534349479872,10_sp_aij_45,416304,0.1,10,8042,9,30,even
60,0.0,0.02,0.02,0.02,0.02,0.04,0.09,0.05,0.04,0.02,0.04,10_sp_aij_45,2369231,0.1,10,8042,9,30,even
61,0.9090909090909092,0.0454642043362397,0.0276627821183338,0.0271523830681455,0.023620133131394,0.0569777451635645,0.1007114767552379,0.0445892247561536,0.0286266085389739,0.022851737569612,0.0476672010713602,10_sp_aij_45,2369231,0.1,10,8042,9,30,even
62,1.8181818181818183,0.0677167328311868,0.0330670947732449,0.0274281246007817,0.0238831838387014,0.0557039627132765,0.117784824644182,0.0398032923454089,0.0261541620933934,0.0310881670117536,0.0569538555137475,10_sp_aij_45,2369231,0.1,10,8042,9,30,even
63,3.0303030303030303,0.1540461319850551,0.05347170451531,0.0519003180706668,0.0164699993150855,0.0774055384999373,0.1641125806821019,0.0393971867084646,0.0283693028592782,0.033957562551701,0.0706451957339114,10_sp_aij_45,2369231,0.1,10,8042,9,30,even
64,3.939393939393939,0.2424710357503106,0.0683899759717652,0.061370692741885,0.0190728632128908,0.0984710914628307,0.1846874768677373,0.0260045127103122,0.0351913140980132,0.0371751138956127,0.0910610659284281,10_sp_aij_45,2369231,0.1,10,8042,9,30,even
65,5.151515151515151,0.2689268737976168,0.132239359088743,0.0940224548214348,0.0287648744667631,0.1157434224257628,0.2126963775580152,0.028660522623297,0.0409366316730408,0.0369442738533709,0.0973400197702304,10_sp_aij_45,2369231,0.1,10,8042,9,30,even
66,6.0606060606060606,0.2033159573039047,0.1735973991650143,0.1254646241683817,0.0307474589828284,0.1668653617705312,0.162068556983593,0.0271273614118677,0.032108435848664,0.0316278933612554,0.0925705840747751,10_sp_aij_45,2369231,0.1,10,8042,9,30,even
67,6.96969696969697,0.2371045441011577,0.2025752739201027,0.1103332232848748,0.0411587124394207,0.1768137068253018,0.1943150014011717,0.0281436413423534,0.0475744477403156,0.0395558331795601,0.0900418259574948,10_sp_aij_45,2369231,0.1,10,8042,9,30,even
68,8.181818181818182,0.253591130371518,0.2391384911304956,0.1669668250593236,0.0436544685239231,0.2737025659629072,0.2379691012941545,0.0263821025499831,0.0555558822209364,0.0392761532788473,0.0758201881423632,10_sp_aij_45,2369231,0.1,10,8042,9,30,even
69,9.090909090909092,0.2177472908426024,0.291611112477494,0.1813583805724904,0.0585615656230232,0.2500986682752146,0.2646940327428188,0.0349362007645123,0.056903260286449,0.0545851994230671,0.0749204183991714,10_sp_aij_45,2369231,0.1,10,8042,9,30,even
70,10.303030303030305,0.1523840842730224,0.2565492393426302,0.1685035518941995,0.0461071050670619,0.1589494750902337,0.272645770348134,0.0304900094408568,0.0361408659681125,0.0514314353810997,0.0707265851169206,10_sp_aij_45,2369231,0.1,10,8042,9,30,even
71,11.212121212121213,0.1478395236318085,0.2825607497628133,0.2103940766683137,0.0687876757739518,0.1640446694296555,0.2581797528347906,0.0439856827088061,0.027786390496718,0.051536072554368,0.1076562873696438,10_sp_aij_45,2369231,0.1,10,8042,9,30,even
72,12.12121212121212,0.1784693148515747,0.2949851018461554,0.2183118491415459,0.093635685868304,0.1831872721610457,0.2284021342179542,0.0501188384777146,0.0178447100090261,0.042003647726506,0.1327944437327609,10_sp_aij_45,2369231,0.1,10,8042,9,30,even
73,13.333333333333334,0.2205685402992099,0.2360186497417669,0.1972035840187543,0.07745389940698,0.1645610026488059,0.1988093796704055,0.0484296003413438,0.020217584264796,0.041656490217475,0.1711228173796071,10_sp_aij_45,2369231,0.1,10,8042,9,30,even
74,14.242424242424242,0.1879330166404992,0.2584049147410128,0.2359764919978176,0.0869260841966042,0.2027918433160611,0.1963124309023661,0.0563306383344354,0.017125193183358,0.0347686410565506,0.2180981838930035,10_sp_aij_45,2369231,0.1,10,8042,9,30,even
75,15.454545454545457,0.1901314610521562,0.1969232244032502,0.2259405154957545,0.1136481838622477,0.1629312027636409,0.2318458290679638,0.0801948411719784,0.02396918503669,0.0314439273406599,0.2054480000311136,10_sp_aij_45,2369231,0.1,10,8042,9,30,even
76,16.363636363636363,0.1829651974354003,0.2360459437468225,0.2099431665657995,0.081727266075135,0.1429875220690588,0.228326933803121,0.0671470558512928,0.0294942067506988,0.0284585964327381,0.196665609519609,10_sp_aij_45,2369231,0.1,10,8042,9,30,even
77,17.575757575757578,0.1623994630756004,0.1550452619467616,0.1625384474047383,0.0878746919828432,0.1992193384952271,0.1972992356033635,0.0721944266432573,0.0189534121042493,0.0212298989667629,0.1704031283483396,10_sp_aij_45,2369231,0.1,10,8042,9,30,even
78,18.484848484848484,0.1677825371652516,0.1916952640783476,0.1661760469594174,0.0748773667180024,0.1457336255814104,0.1911133283561873,0.0620087458004586,0.0144076198456573,0.0133789799767917,0.1825960398495103,10_sp_aij_45,2369231,0.1,10,8042,9,30,even
79,19.393939393939394,0.2532680618913034,0.2494110158312653,0.2060811330781907,0.0808311249323082,0.1832324512652448,0.2026007341050298,0.0666649346648809,0.0112554465889064,0.0102008287804042,0.2071022958315767,10_sp_aij_45,2369231,0.1,10,8042,9,30,even
80,20.60606060606061,0.2759091602985739,0.2996633986604616,0.1925677958507592,0.0731857367886461,0.2277944066035729,0.2451425626395991,0.0833825966181184,0.0112430155126966,0.0118132320317645,0.1741162354766137,10_sp_aij_45,2369231,0.1,10,8042,9,30,even
81,21.51515151515152,0.208060872405199,0.2542568751002241,0.2663036697321913,0.0666445564543923,0.1883526591964875,0.2379438025975691,0.0769091516080784,0.0130204435952171,0.0107750524104443,0.1520196746387861,10_sp_aij_45,2369231,0.1,10,8042,9,30,even
82,22.727272727272727,0.2319752210309276,0.3269555572698492,0.3080098727352276,0.1298923346476695,0.2652422869255063,0.2072839646394146,0.0888587067407778,0.0140794858143134,0.0115236962368197,0.1452670802065157,10_sp_aij_45,2369231,0.1,10,8042,9,30,even
83,23.63636363636364,0.20607680047871,0.347791285707109,0.2674280044472033,0.1324303746041881,0.2934255821551567,0.2568093393771833,0.0863731999081202,0.0109068870734505,0.0179997768024299,0.1078503426088146,10_sp_aij_45,2369231,0.1,10,8042,9,30,even
84,24.545454545454547,0.192848595127491,0.2712036588884909,0.215417421252942,0.1081907410927098,0.2644374029032988,0.2966571985462712,0.0912449995806741,0.0094635263204492,0.0203587197530804,0.1365202773742761,10_sp_aij_45,2369231,0.1,10,8042,9,30,even
85,25.75757575757576,0.1683252152028853,0.2720331736764921,0.1871069318839289,0.1027110816548985,0.2147126569294506,0.2305512569370115,0.068180870272733,0.0076830552378371,0.0181924687036496,0.1403629518294543,10_sp_aij_45,2369231,0.1,10,8042,9,30,even
86,26.666666666666668,0.1963041066204998,0.2235698126923507,0.228642843059961,0.0779872627067078,0.1927188141671,0.2009833291346845,0.0901092317791853,0.007256352653229,0.018485263752498,0.1717605651391407,10_sp_aij_45,2369231,0.1,10,8042,9,30,even
87,27.87878787878788,0.1924073294054604,0.2291607975928876,0.2268429763162918,0.0773996739414118,0.1871178184206695,0.1524308897252704,0.0955892292555636,0.0065517954319981,0.0139229988523037,0.209916613094392,10_sp_aij_45,2369231,0.1,10,8042,9,30,even
88,28.78787878787879,0.2504266790347482,0.274152964008602,0.1848526669927342,0.0850411155232637,0.2399452572794306,0.1716449425295786,0.0846976155644354,0.0080949578609695,0.0107692890363581,0.1535922276039921,10_sp_aij_45,2369231,0.1,10,8042,9,30,even
89,30.0,0.2772303962193243,0.1516324583035064,0.163860943477234,0.0939150644425302,0.2200677645334197,0.2067319196195032,0.0761648027535846,0.0073749103442149,0.0122887879807118,0.1876075419754226,10_sp_aij_45,2369231,0.1,10,8042,9,30,even
90,0.0,0.04,0.08,0.09,0.06,0.06,0.06,0.08,0.03,0.02,0.09,10_sp_aij_45,5140131,0.1,10,8042,9,30,even
91,0.9090909090909092,0.0755745661404932,0.1107116149546285,0.1265358344066436,0.0611931071591082,0.0768505869518137,0.0774541750955502,0.0847842864056483,0.0364654658153419,0.02255430752144,0.1120910687949821,10_sp_aij_45,5140131,0.1,10,8042,9,30,even
92,1.8181818181818183,0.1296379619962515,0.1685588419146435,0.172924750272557,0.0539711409726801,0.0796863204212285,0.107244163327917,0.0885292395338165,0.0384977091040103,0.0169150515335386,0.1447924781296499,10_sp_aij_45,5140131,0.1,10,8042,9,30,even
93,3.0303030303030303,0.3025714840414352,0.2215003170936849,0.1795404551385872,0.0831493360236942,0.1222734056404478,0.1600110109919168,0.0743424126818954,0.0462714018120644,0.0128909172375587,0.1443827679527697,10_sp_aij_45,5140131,0.1,10,8042,9,30,even
94,3.939393939393939,0.2386696211935393,0.1854094779129578,0.1614166601768543,0.0805926473355299,0.1705916724877331,0.1781718958771832,0.064723401111908,0.0556198756288115,0.0140737948678372,0.1307020974330429,10_sp_aij_45,5140131,0.1,10,8042,9,30,even
95,5.151515151515151,0.1954801689819473,0.171058379583919,0.1718811681910209,0.0861931330599302,0.2344129995337026,0.2108409189957642,0.0716668880953603,0.0507302611408969,0.0157493316288289,0.1060556135736195,10_sp_aij_45,5140131,0.1,10,8042,9,30,even
96,6.0606060606060606,0.1608798416040819,0.1817791039129516,0.2060283561702441,0.0638087792195483,0.1718239071033661,0.187471468513111,0.0825948077349041,0.0414556700158549,0.0164089904442347,0.1083664243989953,10_sp_aij_45,5140131,0.1,10,8042,9,30,even
97,6.96969696969697,0.203295838180463,0.1903471908950592,0.2084173989838012,0.0625688842910682,0.1718976598218192,0.2360388809386813,0.0911865523545203,0.0401450687059656,0.0188737929926947,0.1257887690768549,10_sp_aij_45,5140131,0.1,10,8042,9,30,even
98,8.181818181818182,0.2860332240350234,0.1921121780497251,0.1685463782832098,0.0778255111823015,0.1998493676430991,0.2481253669022677,0.0791017266787136,0.0337793025592955,0.0236624079372314,0.1067059403301867,10_sp_aij_45,5140131,0.1,10,8042,9,30,even
99,9.090909090909092,0.257942107785323,0.2759365719699687,0.1573549910993518,0.0983920564214631,0.1931508388297448,0.2518786994520165,0.100768435761698,0.0423535040085716,0.0253923141697933,0.0947125217901943,10_sp_aij_45,5140131,0.1,10,8042,9,30,even
100,10.303030303030305,0.2495529703237536,0.2161088351170356,0.1785932655028841,0.1347015666565424,0.1813409626184839,0.2414168965405632,0.101217599831027,0.0444700620279702,0.0251854035559458,0.1401095382719399,10_sp_aij_45,5140131,0.1,10,8042,9,30,even
101,11.212121212121213,0.2212831039238757,0.2799837789916906,0.1670099224610595,0.1252766727339058,0.2197245438016324,0.1710275211845834,0.1115715176982204,0.0437719084071107,0.0250284105818296,0.1639643177325238,10_sp_aij_45,5140131,0.1,10,8042,9,30,even
102,12.12121212121212,0.2283283977856163,0.2357439676054257,0.1856225137959387,0.122581074971549,0.2285993676049346,0.2191506489395598,0.1261973901295719,0.0510616078740307,0.0289259560167368,0.1455980633131375,10_sp_aij_45,5140131,0.1,10,8042,9,30,even
103,13.333333333333334,0.1841758793206374,0.215350591457225,0.2416743643366795,0.1161695477875506,0.246557548707634,0.3126933979653093,0.0967284512940297,0.0591065308808459,0.0187430239705664,0.136262970939779,10_sp_aij_45,5140131,0.1,10,8042,9,30,even
104,14.242424242424242,0.158071250851791,0.2711508907725187,0.1565242080968635,0.1306091399863385,0.2442573825536223,0.2346751876219517,0.0841667924965914,0.0452235239714748,0.0207970660545687,0.1177330845908863,10_sp_aij_45,5140131,0.1,10,8042,9,30,even
105,15.454545454545457,0.1460325638074777,0.2124849270107804,0.1991285658330195,0.1450711163799108,0.2152199919058018,0.2406732668681282,0.0866912039804184,0.0296710935631785,0.0236499181036733,0.0902906767978249,10_sp_aij_45,5140131,0.1,10,8042,9,30,even
106,16.363636363636363,0.155335257009998,0.3005510296297433,0.2283246643669337,0.1396986213202195,0.2326183729675628,0.2775784890008372,0.0746694963057082,0.0301673735674696,0.0188187820312477,0.0875159941795688,10_sp_aij_45,5140131,0.1,10,8042,9,30,even
107,17.575757575757578,0.1980138581183245,0.2906775918153074,0.2567285801031924,0.1299020886995869,0.185193411938926,0.1884012962381446,0.1211534704691705,0.0294921063464675,0.0157955089262367,0.1567387928249295,10_sp_aij_45,5140131,0.1,10,8042,9,30,even
108,18.484848484848484,0.2526737017511682,0.253643576438353,0.2198608924066463,0.1258880677408294,0.164025813026451,0.1951471583510412,0.1050922113629446,0.027092168092973,0.0135392850217495,0.1449543936162063,10_sp_aij_45,5140131,0.1,10,8042,9,30,even
109,19.393939393939394,0.2583086939485619,0.3109056533903043,0.2229631201120908,0.1654516978988231,0.2356429962152152,0.3204845008865449,0.0823894005925113,0.0321161036982853,0.0149127379261606,0.1154922384548087,10_sp_aij_45,5140131,0.1,10,8042,9,30,even
110,20.60606060606061,0.1970653592979625,0.3978968319446865,0.2250422304389379,0.1114940360525615,0.2022902349414756,0.2942427890411029,0.0953305668078462,0.0369409523307328,0.0200281207013024,0.1118158008060327,10_sp_aij_45,5140131,0.1,10,8042,9,30,even
111,21.51515151515152,0.2011872340364405,0.2109881225619911,0.1612388864641745,0.0989239056332238,0.202118211139851,0.2339329195610952,0.0873472953800842,0.0372176591328008,0.0173303224583289,0.1168864074029721,10_sp_aij_45,5140131,0.1,10,8042,9,30,even
112,22.727272727272727,0.2216846149375669,0.2233193944282473,0.1935621996063956,0.0965220760990437,0.2109396530038403,0.2203186426436948,0.0659941420675485,0.0374519996070597,0.0188438337457687,0.1041082176600083,10_sp_aij_45,5140131,0.1,10,8042,9,30,even
113,23.63636363636364,0.1661448776875537,0.2339768846836371,0.1902843285222773,0.0958363308024075,0.2614968069884536,0.2471075864980893,0.0783109327493177,0.035567390452787,0.022611330664041,0.1203357992428686,10_sp_aij_45,5140131,0.1,10,8042,9,30,even
114,24.545454545454547,0.2021649836331575,0.2840667183518973,0.21263884155544,0.1068205057500052,0.220780571104581,0.3045750546206828,0.0835228062611334,0.0325268816302146,0.0240199143287311,0.1048139299951433,10_sp_aij_45,5140131,0.1,10,8042,9,30,even
115,25.75757575757576,0.1867417112319634,0.2332953569794793,0.217666507909402,0.112751623120324,0.1877812561388882,0.2644136173279529,0.0936250019311497,0.0253240241405488,0.0213435604369484,0.1345963026390694,10_sp_aij_45,5140131,0.1,10,8042,9,30,even
116,26.666666666666668,0.2268838265605346,0.1931381715981084,0.2221172039433003,0.1077069140414643,0.2142189362247066,0.2242136893310664,0.082360978465903,0.026400379016089,0.0230290775127773,0.134722111731408,10_sp_aij_45,5140131,0.1,10,8042,9,30,even
117,27.87878787878788,0.1873657958210028,0.2270750792075448,0.1992807311257713,0.097285054909042,0.1842289781315023,0.266209619301477,0.0620631647648748,0.0251803684751951,0.0252286980309222,0.1909155457546395,10_sp_aij_45,5140131,0.1,10,8042,9,30,even
118,28.78787878787879,0.2056546499532827,0.2366519772138452,0.1578337541171837,0.0985099144204658,0.2418924154202431,0.2277965672808945,0.0581545646405009,0.0226215215900232,0.023930682619279,0.1769287584853828,10_sp_aij_45,5140131,0.1,10,8042,9,30,even
119,30.0,0.2540264978181702,0.3151809187289927,0.1915097635430678,0.0895774346602482,0.2289332843710159,0.1972227476118468,0.0799976506798539,0.0179844557598311,0.0173080957837409,0.1730488294680464,10_sp_aij_45,5140131,0.1,10,8042,9,30,even
120,0.0,0.09,0.09,0.08,0.08,0.08,0.06,0.04,0.01,0.09,0.02,10_sp_aij_45,8982779,0.1,10,8042,9,30,even
121,0.9090909090909092,0.1451187405532843,0.1236610556065964,0.0771975220789673,0.0543496163249952,0.1030720909341647,0.0949286099447933,0.0419508695046407,0.0105414472583109,0.0646760401535435,0.021581597025898,10_sp_aij_45,8982779,0.1,10,8042,9,30,even
122,1.8181818181818183,0.1779927279126727,0.1386289337199431,0.0882296664995399,0.055660444353997,0.1522697376729562,0.1101258966117535,0.0394911825491053,0.0140511123421886,0.0757155080006187,0.0303974798899837,10_sp_aij_45,8982779,0.1,10,8042,9,30,even
123,3.0303030303030303,0.2057050542060556,0.1616374853771608,0.1152176100685502,0.052907920911427,0.1680423963473575,0.2027922679128772,0.0419018252074072,0.0154696551428683,0.0620748706483861,0.057427234444217,10_sp_aij_45,8982779,0.1,10,8042,9,30,even
124,3.939393939393939,0.1747483132435905,0.2088287205988652,0.1679125477536396,0.0434069530056714,0.1431922370402178,0.1945949700842271,0.0549050999084336,0.0155115157173499,0.0482630776289648,0.0845743158488484,10_sp_aij_45,8982779,0.1,10,8042,9,30,even
125,5.151515151515151,0.237075791339972,0.2465359621076303,0.1509077730682868,0.0725647426290418,0.2208322140587017,0.220736538114416,0.06711888034366,0.0166742909740089,0.0374211743415899,0.1423816253303835,10_sp_aij_45,8982779,0.1,10,8042,9,30,even
126,6.0606060606060606,0.2214934593266389,0.2316243633965641,0.1480486819000701,0.0919790679797971,0.2607916536751792,0.2613819834299727,0.0512661073572304,0.0185598085110062,0.0283027228474229,0.1299205732719411,10_sp_aij_45,8982779,0.1,10,8042,9,30,even
127,6.96969696969697,0.235577288370833,0.209710891633943,0.1583200493452762,0.1224009332660329,0.189516697828616,0.1971389307547869,0.0609687832408583,0.0162631379162811,0.0295529933700815,0.1084925989636499,10_sp_aij_45,8982779,0.1,10,8042,9,30,even
128,8.181818181818182,0.1836970709618005,0.2295012349907144,0.1540750016348268,0.1468793901796882,0.235887838428958,0.1693091700270093,0.0530686484343607,0.0154094659645204,0.0320324031086327,0.1296096937675173,10_sp_aij_45,8982779,0.1,10,8042,9,30,even
129,9.090909090909092,0.1502226717541647,0.2363280695210694,0.1543905970235271,0.135271784133217,0.2235783864321928,0.2184975545908078,0.0498713088137903,0.0139412360894131,0.0357061851153992,0.1352770576313807,10_sp_aij_45,8982779,0.1,10,8042,9,30,even
130,10.303030303030305,0.1664758824125483,0.229204681167131,0.2204662639592996,0.1078984655802053,0.2156662630448193,0.2036024937990559,0.0592359390859695,0.0132797227397754,0.0281585608664751,0.1663947991603226,10_sp_aij_45,8982779,0.1,10,8042,9,30,even
131,11.212121212121213,0.2167085824708843,0.2572848246188499,0.2187619151728981,0.1298371990793966,0.2432867246401928,0.1533510649002856,0.0611632103846969,0.0144058224700806,0.0237757301094283,0.1489318396792749,10_sp_aij_45,8982779,0.1,10,8042,9,30,even
132,12.12121212121212,0.2049872183171114,0.293708463677918,0.1937315784010461,0.1730126606122501,0.215408559365857,0.1777894851244115,0.0788870311818417,0.0116342694328138,0.0309891085486401,0.136676137952707,10_sp_aij_45,8982779,0.1,10,8042,9,30,even
133,13.333333333333334,0.1924966347698765,0.2796812675952396,0.2085807522572284,0.1869479173971596,0.2087291696141632,0.1947309139347945,0.0880231188098816,0.0108525393456829,0.0325219544303163,0.1528088164754499,10_sp_aij_45,8982779,0.1,10,8042,9,30,even
134,14.242424242424242,0.1955733865708916,0.2153601374972658,0.1715595482842157,0.1631325578125109,0.216951033027623,0.2165765866774743,0.0855116120495944,0.0133387289138079,0.026439269628719,0.1118240097152564,10_sp_aij_45,8982779,0.1,10,8042,9,30,even
135,15.454545454545457,0.1887242161434997,0.2893793508819858,0.1573490359550863,0.1291482619143046,0.1799648346204194,0.3051052569524518,0.0926134967686505,0.0100463761504613,0.0241412797409518,0.1072129564471168,10_sp_aij_45,8982779,0.1,10,8042,9,30,even
136,16.363636363636363,0.1931442740679863,0.3294143744960364,0.2063537154078006,0.1335986176006111,0.227128549571814,0.2545244116444669,0.133349207395358,0.0073503636090841,0.0185439432510631,0.1102091224295786,10_sp_aij_45,8982779,0.1,10,8042,9,30,even
137,17.575757575757578,0.1691111897998496,0.4640365142233585,0.2698092669280169,0.138829282465343,0.1785615822781321,0.2614951855492716,0.0980486612061815,0.0079722304054173,0.0108261179647401,0.1230319336526108,10_sp_aij_45,8982779,0.1,10,8042,9,30,even
138,18.484848484848484,0.2229806078943859,0.4326963169603932,0.2835599343517612,0.1370873172719868,0.2402575110689616,0.2285161788745437,0.1063696718343631,0.0066314372919827,0.0078332398658742,0.162958457974593,10_sp_aij_45,8982779,0.1,10,8042,9,30,even
139,19.393939393939394,0.2624580703314988,0.3695068616050843,0.3461501431084257,0.1440550775195591,0.1912609626631821,0.2263835268901775,0.1076452192889851,0.0056585503594746,0.0082066878379718,0.2021192783670759,10_sp_aij_45,8982779,0.1,10,8042,9,30,even
140,20.60606060606061,0.2631540465909882,0.2653337092140174,0.3242817965171788,0.1132473064237896,0.2605755962334979,0.2225597162018312,0.0971619507416109,0.0061721422881298,0.0090277035076656,0.1971569594552598,10_sp_aij_45,8982779,0.1,10,8042,9,30,even
141,21.51515151515152,0.165509467603739,0.3313779098648583,0.2101558054979753,0.0880264975418551,0.2071212346289706,0.2016500752578317,0.1216742044562277,0.006252191986832,0.0089752451970857,0.1648487802494601,10_sp_aij_45,8982779,0.1,10,8042,9,30,even
142,22.727272727272727,0.2028867576208663,0.303320146814006,0.1972020657309108,0.0966137960014282,0.2399124566728885,0.2400429564801708,0.1101508281596993,0.0045856123384799,0.0111252788064444,0.1204584084054067,10_sp_aij_45,8982779,0.1,10,8042,9,30,even
143,23.63636363636364,0.1702320604068748,0.389996437724053,0.2056687312542615,0.1108629820531957,0.2351220420565431,0.2061764507440454,0.116166960673338,0.0035936181072427,0.0105530098288247,0.1278824852241643,10_sp_aij_45,8982779,0.1,10,8042,9,30,even
144,24.545454545454547,0.1826613894472403,0.2593325721907189,0.2459935476359579,0.1079792815829758,0.2554348055298178,0.2342638734892259,0.0768529640806203,0.003553062901189,0.0101849931917384,0.1370555692639466,10_sp_aij_45,8982779,0.1,10,8042,9,30,even
145,25.75757575757576,0.1792684207083642,0.2906687935235494,0.2670280840308996,0.1043673304252739,0.2588863481555237,0.2425431409159192,0.0892810514270997,0.0033428696482186,0.0107928377983912,0.1372595546995901,10_sp_aij_45,8982779,0.1,10,8042,9,30,even
146,26.666666666666668,0.2020086317516184,0.2588774345294176,0.2593301354391059,0.1147946126134489,0.2485679924258292,0.2230891236777905,0.0959674058670647,0.0029296397599523,0.0107487406293438,0.1193309159182149,10_sp_aij_45,8982779,0.1,10,8042,9,30,even
147,27.87878787878788,0.1749043528456852,0.240202024704002,0.184871279975695,0.1052879037976455,0.2124141677925027,0.2763385160066973,0.0931500792848542,0.0026337815047933,0.0173678028341943,0.1269717261321619,10_sp_aij_45,8982779,0.1,10,8042,9,30,even
148,28.78787878787879,0.2021053012958572,0.323567538383869,0.2458349967227879,0.1000166529268634,0.2088650280080007,0.2885706330234611,0.1244937609341977,0.0,0.0163233755297518,0.187966488894635,10_sp_aij_45,8982779,0.1,10,8042,9,30,even
149,30.0,0.2069122301871186,0.2881434619952406,0.2393475389472413,0.121697562760312,0.2624710645135181,0.2223502766453628,0.1121624748076294,0.0,0.0110325539901864,0.191438061929784,10_sp_aij_45,8982779,0.1,10,8042,9,30,even
150,0.0,0.06,0.08,0.04,0.05,0.07,0.09,0.05,0.09,0.04,0.05,10_sp_aij_45,9036584,0.1,10,8042,9,30,even
151,0.9090909090909092,0.1161178930127607,0.0979363185878023,0.0538072960450707,0.0532841145588317,0.122281209348279,0.1202656317954495,0.0509620557323598,0.0805918471579677,0.0294669825259246,0.056881302392188,10_sp_aij_45,9036584,0.1,10,8042,9,30,even
152,1.8181818181818183,0.129639615263931,0.1285781183559512,0.0724478105457355,0.0575114594018497,0.1748306510941172,0.1564611630368372,0.0408210311229477,0.0568339825428295,0.0345380490269711,0.071160266201857,10_sp_aij_45,9036584,0.1,10,8042,9,30,even
153,3.0303030303030303,0.1408066945726439,0.178333832234273,0.1118034780928766,0.0454390294651206,0.2104465297893018,0.1957219397735546,0.0516246999888058,0.0460298441542081,0.0405514522629841,0.1101493748486742,10_sp_aij_45,9036584,0.1,10,8042,9,30,even
154,3.939393939393939,0.1688836620327947,0.1704933323221867,0.1268473523491773,0.0565327139429752,0.23181239721199,0.2315385799822914,0.0534180652825491,0.0317163808500872,0.0425169183272858,0.1326308592784204,10_sp_aij_45,9036584,0.1,10,8042,9,30,even
155,5.151515151515151,0.1225337011203484,0.2356804198006659,0.1354172778427134,0.05979445651173,0.262241180512155,0.2300328139426588,0.0776659671597499,0.0211780411744013,0.0744198905996244,0.0902794203001596,10_sp_aij_45,9036584,0.1,10,8042,9,30,even
156,6.0606060606060606,0.1402155955236809,0.285634755685109,0.1457815898356114,0.0575513813912086,0.1571046691195229,0.2737919339385203,0.0771442362359069,0.0181587765119052,0.066282199649288,0.1146172390106841,10_sp_aij_45,9036584,0.1,10,8042,9,30,even
157,6.96969696969697,0.1319343699348805,0.260338393623162,0.2196155963793471,0.0535930729543569,0.2021586328550891,0.2218917156383389,0.0777489034030443,0.0132571351223004,0.0816651485219303,0.1170703448130744,10_sp_aij_45,9036584,0.1,10,8042,9,30,even
158,8.181818181818182,0.156289727836602,0.2417055750380409,0.1866201404549483,0.0679105567481579,0.2113760499102843,0.1993186152567309,0.0685704364873344,0.0112296656341339,0.05304512152108,0.1015204407738037,10_sp_aij_45,9036584,0.1,10,8042,9,30,even
159,9.090909090909092,0.1572314312146183,0.2170529357847215,0.1716463068145017,0.0790216771232042,0.1964038532461064,0.2285663926655238,0.0675968395480921,0.0096262300815433,0.0536106350154187,0.090139648668182,10_sp_aij_45,9036584,0.1,10,8042,9,30,even
160,10.303030303030305,0.1937445342725071,0.2644975158488662,0.1847886560778794,0.0808809404364723,0.1644033754057022,0.2301294644563399,0.0546417288567084,0.0069156905154753,0.0443960796490497,0.0986234795723666,10_sp_aij_45,9036584,0.1,10,8042,9,30,even
161,11.212121212121213,0.1635907817849449,0.3330375115070786,0.1987612112335376,0.0787123039591433,0.2039032313433403,0.238514407571053,0.049664000750901,0.0060615663633185,0.0451381404479287,0.110499229447866,10_sp_aij_45,9036584,0.1,10,8042,9,30,even
162,12.12121212121212,0.1504136574490603,0.3789681178828402,0.2270453852698826,0.0709559643376173,0.216765920847725,0.2339485261803245,0.0516458266855271,0.0049690601783336,0.0378661139021764,0.1141650982841841,10_sp_aij_45,9036584,0.1,10,8042,9,30,even
163,13.333333333333334,0.2016213976886523,0.3276473665850358,0.2756393541450826,0.0948732550108103,0.1950169725823622,0.2469491457113387,0.0666061089448496,0.0064248262498646,0.0333342905959246,0.1290818951755762,10_sp_aij_45,9036584,0.1,10,8042,9,30,even
164,14.242424242424242,0.1894032992018044,0.2841730834591113,0.2365947043280407,0.0876461622428558,0.2389419383687905,0.2675726332922935,0.0567485990521337,0.00600748705593,0.0415228134150867,0.1793933445262004,10_sp_aij_45,9036584,0.1,10,8042,9,30,even
165,15.454545454545457,0.2054949138444753,0.281190256096855,0.1983127773935769,0.0766546404730699,0.1896734309368509,0.2398860986390158,0.0539093769698357,0.0051214035475492,0.0342092349942634,0.1957588920623973,10_sp_aij_45,9036584,0.1,10,8042,9,30,even
166,16.363636363636363,0.2189545151860488,0.3435965833285557,0.2241377978438873,0.0812760699100513,0.2362983956100479,0.1960365748374603,0.0907741691403465,0.0060828957008939,0.0306921733696279,0.1705446497440684,10_sp_aij_45,9036584,0.1,10,8042,9,30,even
167,17.575757575757578,0.247535226833274,0.2731840758240419,0.1963989839529024,0.1365732987692307,0.2139605018040267,0.2605592876205156,0.071279044498369,0.0074172534060575,0.0314223301090302,0.1528500904659082,10_sp_aij_45,9036584,0.1,10,8042,9,30,even
168,18.484848484848484,0.1719376231545633,0.2142537534638595,0.2197527318114873,0.1340414088624071,0.1908812123110454,0.2248606891290869,0.0650593980581655,0.0107093116051009,0.0313906081041237,0.1451427943936739,10_sp_aij_45,9036584,0.1,10,8042,9,30,even
169,19.393939393939394,0.2468365313186593,0.2469888379492916,0.1905154004072854,0.111022775290225,0.1516339371004128,0.2025481608333459,0.0617489697605829,0.0103999984827546,0.0262448252351978,0.1513547856915731,10_sp_aij_45,9036584,0.1,10,8042,9,30,even
170,20.60606060606061,0.2542659605130921,0.2706665447891954,0.1570070122827644,0.0911722176039516,0.1662119632490859,0.244172685091926,0.0501599497678153,0.0105828575827193,0.0185606444005768,0.1336051447647593,10_sp_aij_45,9036584,0.1,10,8042,9,30,even
171,21.51515151515152,0.2347836650086291,0.3066383166276099,0.1721177705879401,0.0857869399722499,0.210477398446658,0.2522354848885101,0.0530281507307194,0.0115909000134687,0.0208869209541382,0.1469960112638268,10_sp_aij_45,9036584,0.1,10,8042,9,30,even
172,22.727272727272727,0.2507507439568509,0.2728313982574724,0.2112026870542772,0.0995183879373701,0.2271151965851171,0.2668540050038898,0.0522674710402245,0.011261775585575,0.0257752643971264,0.1380026036587777,10_sp_aij_45,9036584,0.1,10,8042,9,30,even
173,23.63636363636364,0.202174226836272,0.2310039493367629,0.2496890422601162,0.0881916556508104,0.1929601502376806,0.2390168697231378,0.0615170973156048,0.0112544291200532,0.0266688122865806,0.1229026909690044,10_sp_aij_45,9036584,0.1,10,8042,9,30,even
174,24.545454545454547,0.2300937791737961,0.2009166077860845,0.1861672507550179,0.1060791533250758,0.1864823966343773,0.2246956460611783,0.0714259740691477,0.0091624118301148,0.0217246738521894,0.1057848984182075,10_sp_aij_45,9036584,0.1,10,8042,9,30,even
175,25.75757575757576,0.3029844736428549,0.2332343308719597,0.1756978365904725,0.0689844106990054,0.2009210915029477,0.2954296926582324,0.0699336080040787,0.0098880032802262,0.0212459514632753,0.1354443975194148,10_sp_aij_45,9036584,0.1,10,8042,9,30,even
176,26.666666666666668,0.2077450938811036,0.2453387948099125,0.2140949968651755,0.092163085276111,0.2093285426947818,0.2738086326294167,0.0696508367705288,0.0112616491482092,0.0237210117534511,0.1462608096710859,10_sp_aij_45,9036584,0.1,10,8042,9,30,even
177,27.87878787878788,0.1426059434611019,0.2714048695786168,0.2623377437042827,0.0836325740373028,0.1909651074835347,0.295878341001669,0.0917177787233206,0.0089988893230504,0.0287058216854357,0.156989562413686,10_sp_aij_45,9036584,0.1,10,8042,9,30,even
178,28.78787878787879,0.1575025138680229,0.3368247274030372,0.2726448256359371,0.0846044899604557,0.2449834884425478,0.326313103761002,0.0726033606553817,0.0064555904176078,0.0202824889957564,0.1313670283147242,10_sp_aij_45,9036584,0.1,10,8042,9,30,even
179,30.0,0.1709682130921766,0.2921797327492673,0.2726039427131325,0.1065771818355362,0.1687169875612325,0.2591332921934605,0.0800888802252266,0.0061571753883864,0.0161211937641724,0.1563486659177241,10_sp_aij_45,9036584,0.1,10,8042,9,30,even
180,0.0,0.06,0.06,0.01,0.01,0.01,0.08,0.08,0.04,0.04,0.05,10_sp_aij_45,9845126,0.1,10,8042,9,30,even
181,0.9090909090909092,0.1265220960468209,0.0927493240666609,0.0116176848450807,0.0103990821447523,0.0187990539509843,0.0900140260013507,0.0564171085504876,0.03963034923071,0.0336264126498309,0.0723754636761841,10_sp_aij_45,9845126,0.1,10,8042,9,30,even
182,1.8181818181818183,0.1625110106167889,0.0912530826513183,0.0225630999952873,0.0117957187813227,0.0282201586301572,0.1252023093578204,0.0542471806524769,0.0415025849698438,0.0285403673213659,0.0833216839159191,10_sp_aij_45,9845126,0.1,10,8042,9,30,even
183,3.0303030303030303,0.1926643185452526,0.1423912984941146,0.0416956408632411,0.0161031056710025,0.0640176652203108,0.1616405586269578,0.0388392290099544,0.0424672533097496,0.0360250120373673,0.0989123938448254,10_sp_aij_45,9845126,0.1,10,8042,9,30,even
184,3.939393939393939,0.2175135118050273,0.1372067192609874,0.0539127071024151,0.0148978344593091,0.0840772459232847,0.1936754038432238,0.0372701222888494,0.0317505287474776,0.0296226952983244,0.1198597037481997,10_sp_aij_45,9845126,0.1,10,8042,9,30,even
185,5.151515151515151,0.2060467960174494,0.1370157689969822,0.0795437611531671,0.0162267905575869,0.1090337164244101,0.1733939550041079,0.0503789526570167,0.0231569986029619,0.0318550985525093,0.1033814326678091,10_sp_aij_45,9845126,0.1,10,8042,9,30,even
186,6.0606060606060606,0.1966587241403828,0.1499902638308871,0.0932920519803373,0.016967180409655,0.1102587634234688,0.2149029550317391,0.0490066067650795,0.0209202792956323,0.0330414010625498,0.1254521364181931,10_sp_aij_45,9845126,0.1,10,8042,9,30,even
187,6.96969696969697,0.2078593703888782,0.1699107927171964,0.1207429615653189,0.0176787665230621,0.1293078340460097,0.1943891556839712,0.0489352963148362,0.0254854987807633,0.0296869914962003,0.1195575071473168,10_sp_aij_45,9845126,0.1,10,8042,9,30,even
188,8.181818181818182,0.2258553978694274,0.1878551012098025,0.1763393158041416,0.0200259503923572,0.116740988507703,0.2749315181657413,0.050496988923234,0.0358550100849229,0.0196116641938069,0.1524534885522736,10_sp_aij_45,9845126,0.1,10,8042,9,30,even
189,9.090909090909092,0.282109736616595,0.2038366074045189,0.2001081331623624,0.0298804959748684,0.1382498303889677,0.2849547129245388,0.0504085767458845,0.044707313470565,0.0252562654919222,0.1589400218807378,10_sp_aij_45,9845126,0.1,10,8042,9,30,even
190,10.303030303030305,0.2310921854112424,0.254271194446909,0.2350852586096449,0.0366049807468903,0.1727038251136853,0.2400659259955597,0.0543436940182031,0.0363152058189154,0.0260150644878905,0.1679763336828946,10_sp_aij_45,9845126,0.1,10,8042,9,30,even
191,11.212121212121213,0.2034860828352347,0.411419458048055,0.3067508047169571,0.0482232257657835,0.1937066893047007,0.2217940871123181,0.0606935679802733,0.0310326700026755,0.0253057689887837,0.188998395037005,10_sp_aij_45,9845126,0.1,10,8042,9,30,even
192,12.12121212121212,0.2188974837695141,0.4502458156782769,0.3590558436531206,0.0416371599310604,0.2309142304178613,0.3017853294309279,0.073617169179199,0.0305539449900509,0.0201630616693425,0.181469475358106,10_sp_aij_45,9845126,0.1,10,8042,9,30,even
193,13.333333333333334,0.2316494572321067,0.3602739255021105,0.3016698701762307,0.0624263242817661,0.2652110574036173,0.2630109966579394,0.0737889542862113,0.0295974114820933,0.0254706703384791,0.1795761736420075,10_sp_aij_45,9845126,0.1,10,8042,9,30,even
194,14.242424242424242,0.2118102446222771,0.3519379061611566,0.3124866703055973,0.0657124300416914,0.3061030485635824,0.2166859785007432,0.0857011159904374,0.026101272013825,0.0226210628329852,0.1887073096142058,10_sp_aij_45,9845126,0.1,10,8042,9,30,even
195,15.454545454545457,0.2457094189168674,0.2841093940022284,0.2063485664984677,0.1003637821236251,0.294438119443755,0.2531810001810815,0.0941206556911045,0.0255028345338069,0.0228417765069958,0.1193281441250666,10_sp_aij_45,9845126,0.1,10,8042,9,30,even
196,16.363636363636363,0.2131944578666293,0.2351169908050322,0.217453467575913,0.1055964068332365,0.2650406464798604,0.2715941981790988,0.1044777521869958,0.0228656065465945,0.0264562058826451,0.1223191479697708,10_sp_aij_45,9845126,0.1,10,8042,9,30,even
197,17.575757575757578,0.2014929040382713,0.2161566473948667,0.2380862496234283,0.0895405973808951,0.2419201764883979,0.3115078938405452,0.0918248083347173,0.0195972504447758,0.0218972679807884,0.185805935983042,10_sp_aij_45,9845126,0.1,10,8042,9,30,even
198,18.484848484848484,0.2101278703577366,0.2766046446581104,0.2748212692631491,0.1123398950530077,0.2543522057977667,0.2787805530667561,0.0911352074382057,0.0139302174358861,0.0185691903971847,0.1442071200743318,10_sp_aij_45,9845126,0.1,10,8042,9,30,even
199,19.393939393939394,0.2054465306330727,0.2467206612119932,0.2495423108815798,0.0962145874836887,0.2392286155003692,0.2806072357971258,0.0996159857927415,0.0103791737817814,0.018492762684693,0.1897046931523162,10_sp_aij_45,9845126,0.1,10,8042,9,30,even
200,20.60606060606061,0.1893011713652884,0.3101819252742697,0.189698505027914,0.0953802900084071,0.2667730119149232,0.2744975981643877,0.0936986337298578,0.0092207137349911,0.0121321371315318,0.2325109254558378,10_sp_aij_45,9845126,0.1,10,8042,9,30,even
201,21.51515151515152,0.1670157734148616,0.3424732686806694,0.2150724958951795,0.1238271465174797,0.3027238796602869,0.2590110777041843,0.0846643003847439,0.0064134783386867,0.0109669300618838,0.1533621026502312,10_sp_aij_45,9845126,0.1,10,8042,9,30,even
202,22.727272727272727,0.2035688898584327,0.3476376994410299,0.2322056398061432,0.1040834093494899,0.1656291316378319,0.2413381665644716,0.0823480401736011,0.00402151807915,0.0088169563771522,0.1785400142270485,10_sp_aij_45,9845126,0.1,10,8042,9,30,even
203,23.63636363636364,0.2785237480889578,0.3569926715426335,0.2440982604218979,0.1011813632721407,0.1742143305815996,0.2246621564392916,0.0827310951373836,0.0036674202283161,0.0071960982383197,0.1997817377989501,10_sp_aij_45,9845126,0.1,10,8042,9,30,even
204,24.545454545454547,0.2875807509754652,0.3457279242862601,0.2922722478989723,0.0977083506820665,0.2376859987362038,0.2330371350955671,0.0847993580841425,0.0034425842816534,0.0075617724085715,0.1916387686014779,10_sp_aij_45,9845126,0.1,10,8042,9,30,even
205,25.75757575757576,0.2271713782423927,0.3223957771962303,0.2119438000822826,0.0833728953135802,0.227597109580873,0.2117152335425253,0.0873133012719186,0.0044225091652102,0.0079089917796912,0.1611440099003231,10_sp_aij_45,9845126,0.1,10,8042,9,30,even
206,26.666666666666668,0.2112083139740401,0.2374731376080136,0.1798736355446619,0.1048966703015329,0.2156706720558838,0.2688709588312442,0.0768240549220652,0.0035137501205053,0.0088823108999331,0.1795829644475422,10_sp_aij_45,9845126,0.1,10,8042,9,30,even
207,27.87878787878788,0.2198350654460932,0.2003241642247032,0.2928702330422873,0.1035243878549336,0.1514412750569772,0.2727206656354486,0.0701311434276377,0.0036342699157476,0.0068818806856728,0.1874167777175995,10_sp_aij_45,9845126,0.1,10,8042,9,30,even
208,28.78787878787879,0.2200580464350633,0.2395455882964003,0.2350936977776402,0.0836053073977451,0.1954885752282272,0.3009898401715863,0.0825210284812395,0.003579287835156,0.0052494936855467,0.1952303882922085,10_sp_aij_45,9845126,0.1,10,8042,9,30,even
209,30.0,0.2341942560336849,0.2592667243790748,0.2516043071220683,0.0907360259112939,0.200029766802612,0.26296463367164,0.0651244408095541,0.0035875100611122,0.0041282948818185,0.1298549066011138,10_sp_aij_45,9845126,0.1,10,8042,9,30,even
210,0.0,0.03,0.04,0.07,0.08,0.06,0.09,0.06,0.05,0.01,0.03,10_sp_aij_45,10488077,0.1,10,8042,9,30,even
211,0.9090909090909092,0.0497960487755526,0.0863652213293693,0.0708379131022802,0.0789000357471004,0.0600502244855547,0.0995324101094263,0.0470799018405681,0.047443598844058,0.0089476946892904,0.0499113543250987,10_sp_aij_45,10488077,0.1,10,8042,9,30,even
212,1.8181818181818183,0.0892768338689178,0.1601001622708995,0.0825770176075911,0.0694938883952623,0.0817450687124819,0.1512718125793531,0.0561013779191551,0.046295793080642,0.008777668636224,0.0768979652666817,10_sp_aij_45,10488077,0.1,10,8042,9,30,even
213,3.0303030303030303,0.1419269898930719,0.2547500159326918,0.1015412141753859,0.0671658458256174,0.1132639432357392,0.2215354315412354,0.0568490236934082,0.0403075353314467,0.0096957292005708,0.1091134938649837,10_sp_aij_45,10488077,0.1,10,8042,9,30,even
214,3.939393939393939,0.2280054014889788,0.2613085664290221,0.1713208984638664,0.1091877695184481,0.1366201152395133,0.2388138717504707,0.0681670508903098,0.0334381227094634,0.0073979372132202,0.1328787292479948,10_sp_aij_45,10488077,0.1,10,8042,9,30,even
215,5.151515151515151,0.2419400134650416,0.2815521668590552,0.2090706335750449,0.1050615409045286,0.1931122955886859,0.278937949786474,0.0695512656572593,0.0343915581185874,0.0072262227917407,0.1527210502211394,10_sp_aij_45,10488077,0.1,10,8042,9,30,even
216,6.0606060606060606,0.2287008414046004,0.2255968750939112,0.2373203863138533,0.0905770268804417,0.1683430945446205,0.3420410863660674,0.0841491467342293,0.033901510339161,0.0050080957515145,0.1461454452211249,10_sp_aij_45,10488077,0.1,10,8042,9,30,even
217,6.96969696969697,0.2397782215815096,0.2546708690716004,0.2025826740778828,0.0636131902116245,0.1325508894309636,0.2586598292904054,0.0625216226267167,0.0375154066954134,0.0035918824111803,0.1707284564949322,10_sp_aij_45,10488077,0.1,10,8042,9,30,even
218,8.181818181818182,0.2026007555664018,0.2212549109171926,0.2139719876608074,0.0521569682912514,0.1342580118854933,0.2459299326408552,0.0884258119271965,0.032043746226049,0.004920395383526,0.1919488847932777,10_sp_aij_45,10488077,0.1,10,8042,9,30,even
219,9.090909090909092,0.2331191800206493,0.2904036668577184,0.2078945933737843,0.0657570060411069,0.1503971961368049,0.2574285099743786,0.0692803433634624,0.0306744605513256,0.0037123281034662,0.1932695238066564,10_sp_aij_45,10488077,0.1,10,8042,9,30,even
220,10.303030303030305,0.2277677321503341,0.2933833729498359,0.2634971597353985,0.079849242429887,0.1935349431657054,0.2094709288607484,0.0590360951539253,0.0338649051681064,0.0034541021443484,0.1383587313094391,10_sp_aij_45,10488077,0.1,10,8042,9,30,even
221,11.212121212121213,0.219051303440923,0.3137260660324705,0.2222247071496132,0.1077643613613408,0.2108923178972467,0.2938348256564982,0.067084563378846,0.0412029343682211,0.0027200715143585,0.1409945063735236,10_sp_aij_45,10488077,0.1,10,8042,9,30,even
222,12.12121212121212,0.2021689103345906,0.3669396559840326,0.2189274020972928,0.1164575938421736,0.2138104698860775,0.2980092759974944,0.067571559256666,0.0276887832349479,0.0,0.1499557975107998,10_sp_aij_45,10488077,0.1,10,8042,9,30,even
223,13.333333333333334,0.1755057492102217,0.3405003261590246,0.2881216833746183,0.11559590425523,0.3004635101392195,0.2429776117795497,0.0688157154521211,0.0301915721014085,0.0,0.1249902552724686,10_sp_aij_45,10488077,0.1,10,8042,9,30,even
224,14.242424242424242,0.171304720060639,0.2173007741187603,0.2573448936641183,0.1515538283267808,0.3078230125539362,0.2680507743045,0.0856302313922049,0.0267036979432578,0.0,0.1138794003184455,10_sp_aij_45,10488077,0.1,10,8042,9,30,even
225,15.454545454545457,0.2043428083059315,0.4509192984468916,0.2742810872265591,0.1322249045259844,0.2823571824139568,0.2362316248730051,0.0627104861847175,0.0170313876492889,0.0,0.1378516008954008,10_sp_aij_45,10488077,0.1,10,8042,9,30,even
226,16.363636363636363,0.224760786430688,0.4208598329879779,0.3386611641637964,0.1382593037746648,0.2518131141323044,0.2733841103743446,0.0974943690018573,0.0156752399563625,0.0,0.1589526299326736,10_sp_aij_45,10488077,0.1,10,8042,9,30,even
227,17.575757575757578,0.2217925835244227,0.3018718350286195,0.2414480385738376,0.1629446947462703,0.2873035377557769,0.2151799499709186,0.1004821887430814,0.0132833126575924,0.0,0.1452227259578879,10_sp_aij_45,10488077,0.1,10,8042,9,30,even
228,18.484848484848484,0.2645409426918955,0.2589030669802631,0.2167098957466475,0.1446099862097777,0.2218960098844855,0.2121004981230123,0.1011789076471487,0.0167091397558376,0.0,0.1264847084474885,10_sp_aij_45,10488077,0.1,10,8042,9,30,even
229,19.393939393939394,0.1872840429776268,0.2602543119900476,0.169485108010281,0.1237168287956987,0.2288544379331385,0.21662387767218,0.0957061075045407,0.0107140610724153,0.0,0.1107827657647989,10_sp_aij_45,10488077,0.1,10,8042,9,30,even
230,20.60606060606061,0.1622051106749499,0.2378386275708826,0.1565782329128526,0.1111214032994279,0.2058778077588617,0.2494516729125709,0.1084812683989487,0.00944840699924,0.0,0.0826197707228446,10_sp_aij_45,10488077,0.1,10,8042,9,30,even
231,21.51515151515152,0.1931804263597711,0.2361577142519934,0.1498981047652119,0.1039591163004462,0.1725965297170575,0.2952350838615862,0.096924715540705,0.0085116511812008,0.0,0.0988947569579347,10_sp_aij_45,10488077,0.1,10,8042,9,30,even
232,22.727272727272727,0.2596726809229876,0.2952726709501268,0.2075662157067945,0.0881179800776832,0.1378583377779757,0.3142533752334117,0.0889749914534508,0.0120779254502532,0.0,0.1118356156577927,10_sp_aij_45,10488077,0.1,10,8042,9,30,even
233,23.63636363636364,0.2518331606464684,0.2886551181614291,0.1577494642609043,0.0862084927834193,0.153495462781335,0.3227720287920199,0.0719763238467239,0.0124986168342351,0.0,0.1192153787389718,10_sp_aij_45,10488077,0.1,10,8042,9,30,even
234,24.545454545454547,0.2148090443459249,0.2290326672780354,0.186036908074049,0.1189352672112933,0.1554751876070493,0.2830414056703825,0.0774347155220813,0.0084230040769929,0.0,0.1197917027575643,10_sp_aij_45,10488077,0.1,10,8042,9,30,even
235,25.75757575757576,0.1980248573860235,0.2688775590944144,0.215588886602496,0.0889767839306897,0.1799179932504568,0.2198993885514071,0.0804300246607491,0.0080822336421399,0.0,0.1538126756527665,10_sp_aij_45,10488077,0.1,10,8042,9,30,even
236,26.666666666666668,0.1933708696231466,0.2063564313791325,0.1976871557277219,0.101339930112302,0.2114000758809103,0.2279522430063486,0.0735936065873827,0.0084055874937609,0.0,0.1450058229563223,10_sp_aij_45,10488077,0.1,10,8042,9,30,even
237,27.87878787878788,0.1963949482387114,0.2252762774009387,0.1963919095948726,0.1063976755996049,0.2158892670674805,0.228144034797147,0.0674345871107851,0.0104510434376607,0.0,0.1153365871700166,10_sp_aij_45,10488077,0.1,10,8042,9,30,even
238,28.78787878787879,0.2063542991132855,0.2101236727212484,0.1675960131963385,0.1088496379437695,0.1857032623393796,0.192655199541902,0.060297626562422,0.0092962973343912,0.0,0.1384068224541312,10_sp_aij_45,10488077,0.1,10,8042,9,30,even
239,30.0,0.2274308996614109,0.2201103000711409,0.1631752861640819,0.0956261170569579,0.2206545864447191,0.2548144240492657,0.0659740975178785,0.0133148263061675,0.0,0.1371254121159255,10_sp_aij_45,10488077,0.1,10,8042,9,30,even
240,0.0,0.09,0.09,0.01,0.03,0.06,0.06,0.03,0.08,0.07,0.05,10_sp_aij_45,12733201,0.1,10,8042,9,30,even
241,0.9090909090909092,0.0862216728354727,0.1015786773779779,0.0138719752865163,0.0373964407205039,0.1064606327468157,0.0781230282845185,0.0270134695966499,0.085421528658679,0.0630390324904073,0.0681980251472156,10_sp_aij_45,12733201,0.1,10,8042,9,30,even
242,1.8181818181818183,0.1630840587183512,0.1411681726840675,0.0197400480739318,0.0550948881328441,0.1400976007544071,0.0926733542476798,0.0307455178845081,0.0911473989196171,0.0742474974918425,0.0689274984404662,10_sp_aij_45,12733201,0.1,10,8042,9,30,even
243,3.0303030303030303,0.1737501964881836,0.1415340342441952,0.0253986611353341,0.0622169883009665,0.1786387481122085,0.1629890227214575,0.0331470362092988,0.1027087510305643,0.0838047440549097,0.1074477286346487,10_sp_aij_45,12733201,0.1,10,8042,9,30,even
244,3.939393939393939,0.1729411731598005,0.1554451336138599,0.0372556183010003,0.0609999603775417,0.1789519605000906,0.1831363020373366,0.0369286066748611,0.0822629656795236,0.0988088034584034,0.1143588612464283,10_sp_aij_45,12733201,0.1,10,8042,9,30,even
245,5.151515151515151,0.1467887231832677,0.1415132939484892,0.0340970162924862,0.0555937740955927,0.1971629788005171,0.1773583976489545,0.0456732335563603,0.0685088460690562,0.0726864628161031,0.1099232968388604,10_sp_aij_45,12733201,0.1,10,8042,9,30,even
246,6.0606060606060606,0.1539465303442422,0.1644168380310767,0.0776641342528949,0.0555551300437369,0.2152433860168838,0.2095336023790556,0.0466382953367995,0.0714591901185354,0.0687789311802896,0.117594898452484,10_sp_aij_45,12733201,0.1,10,8042,9,30,even
247,6.96969696969697,0.1770133499370647,0.2581056177863993,0.1001078000748617,0.0684680846783691,0.214037935051952,0.2220436806181853,0.056818733226897,0.066052922604127,0.0805195645010245,0.1191294326297584,10_sp_aij_45,12733201,0.1,10,8042,9,30,even
248,8.181818181818182,0.1973975432825132,0.2545155901036632,0.1142096720397997,0.0507217467890072,0.183377243178983,0.2253465235544845,0.0570653686568181,0.0528460782801667,0.0810830489838486,0.1077067718890867,10_sp_aij_45,12733201,0.1,10,8042,9,30,even
249,9.090909090909092,0.1560433191798372,0.2401771931901343,0.1594009431678797,0.0795347043005025,0.2360009880460268,0.2113063760471944,0.0623287885104257,0.0555456799300864,0.0668508687569378,0.1092323644990893,10_sp_aij_45,12733201,0.1,10,8042,9,30,even
250,10.303030303030305,0.1263620857253189,0.2550090125438907,0.1980558504009603,0.0715767370599246,0.2304894981448335,0.2048512943816928,0.0543285215158578,0.0468646048152792,0.0487680104041063,0.1344299445171036,10_sp_aij_45,12733201,0.1,10,8042,9,30,even
251,11.212121212121213,0.1564656505074341,0.2635400260389444,0.2231649764849601,0.0861798327835242,0.3008704360072375,0.2309756533162808,0.0674943778152469,0.0574032671636762,0.0501034418093185,0.1283086191381219,10_sp_aij_45,12733201,0.1,10,8042,9,30,even
252,12.12121212121212,0.141851783030166,0.2929432689382129,0.2670968597147854,0.0949371441525717,0.2664454304581684,0.2119776460200413,0.053672837072125,0.045879239097923,0.0514997392282103,0.1306339855237276,10_sp_aij_45,12733201,0.1,10,8042,9,30,even
253,13.333333333333334,0.1635375543054719,0.2401322911688619,0.2232335567270341,0.0940903795313928,0.2332064316199837,0.2254919856913499,0.0491340054334168,0.0345826992263321,0.0498375257406433,0.1501926625385016,10_sp_aij_45,12733201,0.1,10,8042,9,30,even
254,14.242424242424242,0.2082181381232785,0.2409807360926337,0.1403691271053137,0.0960568044311116,0.2412038529947762,0.2871688212339256,0.0612695667174781,0.0248558591592219,0.0372081919469208,0.1528510083143898,10_sp_aij_45,12733201,0.1,10,8042,9,30,even
255,15.454545454545457,0.2170986694210788,0.2640213607025269,0.1534480540155544,0.0787833758878772,0.2320918228377047,0.2582195897916204,0.0934331858173983,0.0188372379450111,0.0300743184802532,0.1234378076442346,10_sp_aij_45,12733201,0.1,10,8042,9,30,even
256,16.363636363636363,0.2004261046201443,0.2712691780368768,0.1443108958880991,0.1012919509945778,0.1720783110773079,0.2256659063440211,0.1090319063170264,0.0152616145058753,0.0260085753926725,0.1276409330485019,10_sp_aij_45,12733201,0.1,10,8042,9,30,even
257,17.575757575757578,0.2335849942365694,0.2477558361990778,0.2030236488824377,0.0756187918974314,0.1481712730159493,0.1779402689885388,0.0773314340591123,0.0184733550601358,0.0327590541097329,0.1659316841547819,10_sp_aij_45,12733201,0.1,10,8042,9,30,even
258,18.484848484848484,0.1869300174905177,0.224671846920014,0.1891430099556074,0.0957831627467346,0.1698149578300655,0.1762911876534449,0.0853572836066596,0.0240614025861878,0.0385333268158284,0.1477090141060186,10_sp_aij_45,12733201,0.1,10,8042,9,30,even
259,19.393939393939394,0.190829298556084,0.2483956334902935,0.2217320289670458,0.0760223482773713,0.1738662899180692,0.1716660474980437,0.0747517776636351,0.0131686858115508,0.0320664129414672,0.1654971200967952,10_sp_aij_45,12733201,0.1,10,8042,9,30,even
260,20.60606060606061,0.1773252835240472,0.2472726494498749,0.2175104173965039,0.1008379313831591,0.2303226274491656,0.1670042410110193,0.0891956583527276,0.0184859971596223,0.0247078952662338,0.1043227061804211,10_sp_aij_45,12733201,0.1,10,8042,9,30,even
261,21.51515151515152,0.1462761092857529,0.2022732820905897,0.2694974000106415,0.0851251551653742,0.2361752661752155,0.2342244072666257,0.0821018919338163,0.0218058120059371,0.0241921007865114,0.1176335546983716,10_sp_aij_45,12733201,0.1,10,8042,9,30,even
262,22.727272727272727,0.1859695076016572,0.234314812955712,0.2585981307722147,0.0747721306782958,0.2104911878257829,0.2625864471133417,0.1027184847296647,0.0154431928417639,0.028206301974821,0.1074532485497408,10_sp_aij_45,12733201,0.1,10,8042,9,30,even
263,23.63636363636364,0.1796531928034552,0.2443969872229648,0.2359801203775859,0.0886587356266108,0.2295965734363469,0.2550486631006264,0.1254847276429654,0.0144697611464841,0.0213062485751798,0.1682264763359632,10_sp_aij_45,12733201,0.1,10,8042,9,30,even
264,24.545454545454547,0.1651656962629002,0.3318172231687243,0.2943884887345215,0.087645278057658,0.2571448277094357,0.2315021083478187,0.1160847484881831,0.013103948275025,0.0250378723183207,0.1532056060821723,10_sp_aij_45,12733201,0.1,10,8042,9,30,even
265,25.75757575757576,0.2147189152414513,0.3853994311119847,0.1979015611220915,0.0930084344594883,0.2539802585303951,0.2821517670173175,0.0982334502057148,0.0120404257964341,0.0256867779568585,0.1801256501658818,10_sp_aij_45,12733201,0.1,10,8042,9,30,even
266,26.666666666666668,0.2102988593581166,0.3390642787263542,0.2460850409246479,0.0762675474848599,0.259154449371451,0.2499163691717796,0.0891373299425749,0.0093488800206965,0.0221930847043848,0.1902323918408846,10_sp_aij_45,12733201,0.1,10,8042,9,30,even
267,27.87878787878788,0.1760641975680187,0.3202653047011111,0.2256504788625399,0.1208187827836819,0.2021725164118014,0.2523434065555109,0.0926616876830204,0.0076974952529862,0.0202694285351087,0.1669187229883172,10_sp_aij_45,12733201,0.1,10,8042,9,30,even
268,28.78787878787879,0.2517489707750437,0.3529003849203685,0.2111722522189031,0.1486293248408708,0.1808288864720571,0.2026056588166641,0.076821664512282,0.0085530930440981,0.0176520600951985,0.1637436691210467,10_sp_aij_45,12733201,0.1,10,8042,9,30,even
269,30.0,0.2504401199741842,0.2151387885480967,0.2640186992315192,0.1130234190157027,0.1986023736258467,0.2028997929866118,0.0855073027441302,0.0089998188531371,0.0216807303873966,0.204589741286728,10_sp_aij_45,12733201,0.1,10,8042,9,30,even
