,time,species_0,species_1,species_2,species_3,species_4,species_5,species_6,species_7,species_8,species_9,ground_truth,timeseries_id,noise,n_species,did,n_timeseries,n_timepoints,sampling_scheme
0,0.0,0.04,0.05,0.01,0.02,0.02,0.07,0.01,0.09,0.07,0.03,10_sp_aij_15,36656,0.1,10,1418,4,40,even
1,0.6060606060606061,0.0481248444355687,0.0546379134876858,0.0091784105558908,0.0260216403509588,0.0250694075916133,0.0711660488812655,0.0103790733311357,0.0748516649243817,0.0720832378036423,0.0268526933108663,10_sp_aij_15,36656,0.1,10,1418,4,40,even
2,1.5151515151515151,0.0789282318319913,0.0540080668398737,0.009192315306524,0.0255099790779457,0.0293590324553279,0.0886495721487245,0.0125173206677761,0.0918253383111568,0.0950031980285224,0.0329809012857042,10_sp_aij_15,36656,0.1,10,1418,4,40,even
3,2.121212121212121,0.0853374874931451,0.0654061177774483,0.0087824052434261,0.0369847559477516,0.0321056933904459,0.093477520162581,0.0136076295066844,0.0949769986878514,0.1077118435307348,0.0357032439616409,10_sp_aij_15,36656,0.1,10,1418,4,40,even
4,3.0303030303030303,0.1041397414815455,0.0800630659526747,0.0077305443020139,0.0489259136639846,0.031950908749351,0.0992456867117913,0.0238822000746234,0.1058755256361002,0.097399754555418,0.0320658297514904,10_sp_aij_15,36656,0.1,10,1418,4,40,even
5,3.6363636363636367,0.1202621143351771,0.0866834304995344,0.0074326499651861,0.0486298152052974,0.0300219409485235,0.0799271428332596,0.0329289402531692,0.1262969915307296,0.0858772953120757,0.0268252853351673,10_sp_aij_15,36656,0.1,10,1418,4,40,even
6,4.545454545454546,0.1247046816213444,0.1116974197490552,0.0067755443760335,0.0584195720340139,0.0346471642655658,0.1121087866946927,0.0356673266693036,0.1425802944122099,0.0955702780173554,0.0354142247970669,10_sp_aij_15,36656,0.1,10,1418,4,40,even
7,5.151515151515151,0.1326843358530161,0.1057723536020451,0.0077204870742866,0.0697039406615123,0.0377648058219055,0.1243192221450261,0.0360344540886145,0.1319070306258945,0.1140730379041587,0.0342090715353533,10_sp_aij_15,36656,0.1,10,1418,4,40,even
8,6.0606060606060606,0.1263600082682385,0.1248702295983808,0.007829398300148,0.0963421046476825,0.0418500034066497,0.1405900059524528,0.0476759476498707,0.1505244410943511,0.1299333603301955,0.0497024702081012,10_sp_aij_15,36656,0.1,10,1418,4,40,even
9,6.666666666666667,0.1463949409191018,0.1292598842219552,0.0071129720282172,0.0885813409779015,0.0395132432568819,0.1275434440188936,0.0565204965345746,0.1353351345940066,0.1433992265469822,0.0515836383819582,10_sp_aij_15,36656,0.1,10,1418,4,40,even
10,7.575757575757576,0.1327323106281814,0.1016464401759119,0.01041610511174,0.1285738579704743,0.0341879992110331,0.1232851279713031,0.0652540091735219,0.1180660740241297,0.1123527856159112,0.0497963106905171,10_sp_aij_15,36656,0.1,10,1418,4,40,even
11,8.181818181818182,0.1225342518270971,0.1100150221947272,0.0102001773190525,0.1030872714918061,0.0366702139644383,0.1153521526430553,0.0880280599381284,0.1369491359322579,0.1382244850232922,0.0569170594516344,10_sp_aij_15,36656,0.1,10,1418,4,40,even
12,9.090909090909092,0.0684520455787871,0.1036960556627535,0.0095058855267758,0.0883994068269622,0.0463840066983016,0.1316683275639179,0.0790113666459311,0.1345782603060468,0.1278221676738506,0.0528238958612772,10_sp_aij_15,36656,0.1,10,1418,4,40,even
13,10.0,0.0611705333631613,0.1091554684857239,0.0095431806527113,0.1026512752180747,0.0629309268990675,0.1267167950217026,0.0902139218312433,0.1397726442275165,0.1275347001007124,0.031804943235305,10_sp_aij_15,36656,0.1,10,1418,4,40,even
14,10.606060606060606,0.0586778043602375,0.1006370309494154,0.0096867621433288,0.0768141353547084,0.0618109313032591,0.1288408143052258,0.1121319528553323,0.1488413314556224,0.1122761527048542,0.0300449545309324,10_sp_aij_15,36656,0.1,10,1418,4,40,even
15,11.515151515151516,0.0550415068797321,0.0824152454543974,0.0131255400568536,0.078138632910528,0.0760296287243142,0.1798766030308401,0.109043477327998,0.1262445836513651,0.1050990357074529,0.0381426308820715,10_sp_aij_15,36656,0.1,10,1418,4,40,even
16,12.12121212121212,0.0605406809155688,0.0853387756667033,0.0132083905593636,0.0911535042372108,0.087234106734962,0.1998524326327465,0.1448858353541209,0.1186875647732387,0.0988754639724061,0.043652703305129,10_sp_aij_15,36656,0.1,10,1418,4,40,even
17,13.030303030303031,0.0579211010987315,0.0631992239813926,0.0180168480516171,0.1200723565097688,0.082022781643628,0.1938000707313331,0.1659379399721713,0.1184935017203538,0.1451908033966303,0.0485358284274393,10_sp_aij_15,36656,0.1,10,1418,4,40,even
18,13.636363636363637,0.0569701454885653,0.0650325102042966,0.0232391505790577,0.1006968338288257,0.068499639419046,0.2381553324871773,0.2116074988556132,0.1262983525469392,0.1658227547332892,0.0504341394333443,10_sp_aij_15,36656,0.1,10,1418,4,40,even
19,14.545454545454549,0.0656891925078037,0.0710524768590604,0.0234350081935035,0.107723003908771,0.061973156665118,0.208730320523035,0.26287896477675,0.124435172031255,0.1751011621115131,0.0418942908644764,10_sp_aij_15,36656,0.1,10,1418,4,40,even
20,15.151515151515152,0.0784660443138069,0.0738565810084462,0.0218686676070083,0.1050338355259543,0.0569583358534604,0.2033847346833429,0.2181378541578985,0.1111677834781998,0.2087751315241741,0.0452920158629367,10_sp_aij_15,36656,0.1,10,1418,4,40,even
21,16.060606060606062,0.0659354144487737,0.0504149266246398,0.0259277909750593,0.1021530915607634,0.0544962060202172,0.1865321710655279,0.1720970325619341,0.1134132113487785,0.2151376161885682,0.0540502924166802,10_sp_aij_15,36656,0.1,10,1418,4,40,even
22,16.666666666666668,0.0995375618157834,0.0479819336066853,0.0282654048760591,0.1036903489081219,0.0632302380968515,0.1603926403287034,0.1699451312987165,0.1250689298900281,0.210400512345299,0.0618439898833065,10_sp_aij_15,36656,0.1,10,1418,4,40,even
23,17.575757575757578,0.1085017602747606,0.0859882110884353,0.0307497448771192,0.1011142942390144,0.0495792269543485,0.1914225798386137,0.23528436850726,0.1215874879807751,0.2090644508706276,0.0655538826247972,10_sp_aij_15,36656,0.1,10,1418,4,40,even
24,18.181818181818183,0.0938499450591793,0.0737198842276917,0.0295160414657829,0.1017471166026549,0.0588078728523186,0.218769793156875,0.2192617851882943,0.1457112356946017,0.1875241844299316,0.0589604402077371,10_sp_aij_15,36656,0.1,10,1418,4,40,even
25,19.09090909090909,0.1227187673175493,0.0959422619007982,0.0312482445890083,0.1119219730379949,0.0542640574309362,0.2061255019796545,0.2708036942449087,0.1384436718244533,0.1819287240690482,0.0455812637645419,10_sp_aij_15,36656,0.1,10,1418,4,40,even
26,20.0,0.1161977255650424,0.1040551724796032,0.0303931602473104,0.1128293141963341,0.0486787571035885,0.1923353164804853,0.277284391710273,0.1192112951138988,0.1832523798559141,0.0347275224463696,10_sp_aij_15,36656,0.1,10,1418,4,40,even
27,20.60606060606061,0.111146532192319,0.1235887232722724,0.0347127174891571,0.1147388574486765,0.0616648142314037,0.2024570441494508,0.2829050838731753,0.1116791194972642,0.178710859801053,0.0365803152420562,10_sp_aij_15,36656,0.1,10,1418,4,40,even
28,21.51515151515152,0.1402526422020217,0.118814425504003,0.033025863181835,0.1161836357833928,0.0652714237643512,0.198173552526202,0.2124504089702819,0.1022505612717819,0.1948032989108984,0.0271934202106453,10_sp_aij_15,36656,0.1,10,1418,4,40,even
29,22.12121212121212,0.137302700067859,0.0958917710557668,0.0371236747362792,0.1271741037792969,0.0653893764020643,0.1740708596137747,0.194842763462788,0.0987345562901524,0.2127521185776528,0.0363158328370346,10_sp_aij_15,36656,0.1,10,1418,4,40,even
30,23.03030303030303,0.0968220107148781,0.1222996714451611,0.0362222451476646,0.112659208840168,0.0599335506816043,0.1560261738463905,0.1987572672356101,0.0829329784161351,0.1599369708805644,0.0395335201140371,10_sp_aij_15,36656,0.1,10,1418,4,40,even
31,23.63636363636364,0.117785746180614,0.1708427037591809,0.0373483389533997,0.131462361478249,0.0708589429250956,0.1272715857214386,0.2269710835675419,0.1022904720190393,0.1606932337224239,0.0450607121063257,10_sp_aij_15,36656,0.1,10,1418,4,40,even
32,24.545454545454547,0.1204064803594248,0.133322872476195,0.0337524379692883,0.0964509468780367,0.0873986923927835,0.1673053996328228,0.2026002458873661,0.0833990835065184,0.1705310437589141,0.0431387285470165,10_sp_aij_15,36656,0.1,10,1418,4,40,even
33,25.151515151515152,0.1554437754765442,0.0985612937365266,0.0370733789384556,0.1005997856617557,0.1038896693800052,0.1466447534534736,0.2277832989442462,0.074409748253506,0.1384021967249434,0.0457050444071172,10_sp_aij_15,36656,0.1,10,1418,4,40,even
34,26.060606060606062,0.1414765353561413,0.0971303585481171,0.0262196918846336,0.1072131310852387,0.1229914584176921,0.1494187116502488,0.181450808108898,0.0768681086095792,0.2080569887789354,0.0763740475388225,10_sp_aij_15,36656,0.1,10,1418,4,40,even
35,26.666666666666668,0.1415158033161061,0.0842102991942536,0.0253743051894266,0.086377689904937,0.1421269721137836,0.1579338965164109,0.1868948973724279,0.0714322538489585,0.1885300943328969,0.0825218798840057,10_sp_aij_15,36656,0.1,10,1418,4,40,even
36,27.575757575757574,0.1362457127183735,0.0668759701266435,0.0308804387153239,0.0791266146863151,0.1256499407648687,0.1602030903752524,0.2082448594980147,0.0761968308001209,0.1979557229125081,0.081502847324012,10_sp_aij_15,36656,0.1,10,1418,4,40,even
37,28.181818181818183,0.0987199625542382,0.0695422580944593,0.0323155169769308,0.09842678164049,0.1165110450936528,0.1607036985623193,0.2101536077993599,0.0671073156017478,0.1941409891059966,0.0730117610711129,10_sp_aij_15,36656,0.1,10,1418,4,40,even
38,29.090909090909093,0.0997298245860199,0.0658861565144162,0.0283727511850923,0.0913039874450358,0.0800357884894678,0.1553118943689141,0.1948690004717571,0.0907012919163718,0.1469837214368368,0.0986709616951846,10_sp_aij_15,36656,0.1,10,1418,4,40,even
39,30.0,0.0892390333100218,0.0704192519442363,0.0340159979747402,0.1181622348187956,0.068031732068523,0.1660164694833284,0.1480391069913051,0.09731736869152,0.1732822144395102,0.083043471796306,10_sp_aij_15,36656,0.1,10,1418,4,40,even
40,0.0,0.06,0.09,0.02,0.06,0.03,0.03,0.04,0.03,0.02,0.03,10_sp_aij_15,416304,0.1,10,1418,4,40,even
41,0.6060606060606061,0.0696658983839812,0.0802654412511696,0.0237069561974862,0.0540674459465012,0.0310536715662353,0.0318842602664761,0.0418443239323797,0.03228979327997,0.0224493850280803,0.0215898969237671,10_sp_aij_15,416304,0.1,10,1418,4,40,even
42,1.5151515151515151,0.1038883078977428,0.0876190639626877,0.0232986803586994,0.0939373219733044,0.0283076995787903,0.0472322702419322,0.0474438533239694,0.0369833373920117,0.0295068172509541,0.0227819330575941,10_sp_aij_15,416304,0.1,10,1418,4,40,even
43,2.121212121212121,0.1267067998344238,0.0700870011652156,0.0161074978419541,0.1204817714556374,0.032846629917608,0.0471640418137361,0.0581439574383803,0.0439343717307672,0.0276468469729518,0.0331063257954083,10_sp_aij_15,416304,0.1,10,1418,4,40,even
44,3.0303030303030303,0.1600492352687113,0.0762520655795846,0.0171699522500536,0.1268156465361453,0.0453031900866652,0.0828833942442902,0.0692032227168644,0.0606278311219842,0.041362035804485,0.046032362202773,10_sp_aij_15,416304,0.1,10,1418,4,40,even
45,3.6363636363636367,0.135295297516881,0.0652361101961623,0.0148795358993055,0.1254035781342012,0.0467534702382167,0.0876863186688779,0.0770751288144216,0.08494183360184,0.0479672886412903,0.0381510052833693,10_sp_aij_15,416304,0.1,10,1418,4,40,even
46,4.545454545454546,0.142191192464006,0.0882216954720786,0.0106786033122751,0.1257560296396571,0.041301392812462,0.1011041184399296,0.1013579176177397,0.0998500438912324,0.0634021048264462,0.0571707927242015,10_sp_aij_15,416304,0.1,10,1418,4,40,even
47,5.151515151515151,0.1509742867156479,0.0875649065852406,0.0098943373582389,0.1428425755398719,0.0430886506253399,0.1317217204037195,0.1036470446286661,0.1620614140079708,0.0708476257153692,0.0555804154663227,10_sp_aij_15,416304,0.1,10,1418,4,40,even
48,6.0606060606060606,0.11528270122704,0.0997926919855073,0.008155440480346,0.1366114544423035,0.045539079802357,0.1257639503271083,0.0976047359001292,0.1597827797807586,0.0783031680082303,0.0609242793810254,10_sp_aij_15,416304,0.1,10,1418,4,40,even
49,6.666666666666667,0.1042675244474562,0.1153653809661718,0.0087381647384498,0.1490336477422154,0.0427280904467572,0.1555493415960576,0.1225033789423646,0.2116267933795378,0.1014865665284566,0.0583306171545388,10_sp_aij_15,416304,0.1,10,1418,4,40,even
50,7.575757575757576,0.1086538665415926,0.0882411967912882,0.0080448572264278,0.1377608724048407,0.0366079491465484,0.2308475127780873,0.1338775273684262,0.2274031082722121,0.1461400274821374,0.048503096824926,10_sp_aij_15,416304,0.1,10,1418,4,40,even
51,8.181818181818182,0.0860526859651289,0.1152052769116319,0.0076998161256474,0.147203382983835,0.0349639844828111,0.2192125764788235,0.162157955213008,0.2796836764537023,0.1906757800028811,0.0553935470932058,10_sp_aij_15,416304,0.1,10,1418,4,40,even
52,9.090909090909092,0.083687960924069,0.1381102551499808,0.0082885826201991,0.1392127427572889,0.0414095672547375,0.1859198607390778,0.188266891881641,0.1731236101462682,0.2383470886267064,0.0546627141693273,10_sp_aij_15,416304,0.1,10,1418,4,40,even
53,10.0,0.097631974803924,0.1748414966418925,0.0082793093549431,0.1391896542337416,0.0493138228334305,0.159537480272589,0.1687711828429384,0.1591003260054278,0.2000204083617847,0.0434137204009537,10_sp_aij_15,416304,0.1,10,1418,4,40,even
54,10.606060606060606,0.0975861286404649,0.1704735722029716,0.0074537823544366,0.1042562714324933,0.0510117834814451,0.1678915447376243,0.1779607797191009,0.1520198014444011,0.1627625209888244,0.0466078926055492,10_sp_aij_15,416304,0.1,10,1418,4,40,even
55,11.515151515151516,0.0913305104957041,0.1582894582405337,0.0046928464439549,0.1052506975868215,0.0591520904750559,0.1451524082911111,0.1329981059782964,0.1565118799836897,0.198262601418766,0.054033520580581,10_sp_aij_15,416304,0.1,10,1418,4,40,even
56,12.12121212121212,0.0948454247106616,0.1431202982555898,0.0054251485766309,0.0866093025918018,0.073318620034548,0.1501439678809219,0.1182241109948958,0.1099386005534253,0.2120958404865647,0.0552027411066343,10_sp_aij_15,416304,0.1,10,1418,4,40,even
57,13.030303030303031,0.1088544520174092,0.0975951063981305,0.0058313536661158,0.0639192207529586,0.0901850790226511,0.1223108970495844,0.1496987413477101,0.1014450833839882,0.212181091196229,0.0555913400908753,10_sp_aij_15,416304,0.1,10,1418,4,40,even
58,13.636363636363637,0.1045150841382178,0.0822371464176692,0.0077277055837893,0.0635618156304039,0.0852507816116748,0.1405743800174089,0.1397382208910893,0.0907192893501481,0.2003674973102246,0.0664431663614495,10_sp_aij_15,416304,0.1,10,1418,4,40,even
59,14.545454545454549,0.0957826623545921,0.1150539555199174,0.0100159475745053,0.0782359468512545,0.0937053310230147,0.104297306511711,0.1916400830533875,0.0792683509262857,0.1720597891719711,0.0636125005890946,10_sp_aij_15,416304,0.1,10,1418,4,40,even
60,15.151515151515152,0.0860781526489557,0.097378188809796,0.0091079595914715,0.0669813082190368,0.0948779242909982,0.1017655819204775,0.1259002548310207,0.0737224412265058,0.1978091509513167,0.0582059670199053,10_sp_aij_15,416304,0.1,10,1418,4,40,even
61,16.060606060606062,0.1105420270265881,0.0883545395296773,0.009874227481125,0.0620711093917579,0.0967543035257695,0.1017516215232705,0.107986653662129,0.0661151061245185,0.1898121274708243,0.0781019752037299,10_sp_aij_15,416304,0.1,10,1418,4,40,even
62,16.666666666666668,0.1106534292525556,0.0730708325747352,0.0109986718759076,0.059360132904504,0.132293640131593,0.1023652183049156,0.0828014203333641,0.0854293170839639,0.1806428147636052,0.0743327230698058,10_sp_aij_15,416304,0.1,10,1418,4,40,even
63,17.575757575757578,0.1223376978045325,0.0682618473465655,0.0125178892150682,0.0564425501813482,0.1073599996096856,0.0897759519828519,0.0978254040906168,0.0948883741985056,0.177307232543177,0.0772138285832211,10_sp_aij_15,416304,0.1,10,1418,4,40,even
64,18.181818181818183,0.1329039855459333,0.0739077946858295,0.0115906261839737,0.0547174597745791,0.0985399250702654,0.0969919290362326,0.1240652734878115,0.1076037572682659,0.1595743643893631,0.0717885611962901,10_sp_aij_15,416304,0.1,10,1418,4,40,even
65,19.09090909090909,0.1601295660076458,0.0685434264499185,0.0111954305604837,0.0499613930416418,0.1275573800072238,0.0980865338951691,0.1565061883094576,0.0854596024088499,0.1912980850940308,0.0423351288626684,10_sp_aij_15,416304,0.1,10,1418,4,40,even
66,20.0,0.1760373486596998,0.0892439573029255,0.0112876263675528,0.062255485083998,0.1134697940629162,0.0700152563296362,0.0966716062459616,0.1030616357146304,0.1420612747841344,0.043911496107228,10_sp_aij_15,416304,0.1,10,1418,4,40,even
67,20.60606060606061,0.1219214528923429,0.1083955103513837,0.0095415574659538,0.0680245382339452,0.1291480849277286,0.076709237564873,0.0957732131323836,0.1038157715157555,0.1450058849895477,0.0454851583210994,10_sp_aij_15,416304,0.1,10,1418,4,40,even
68,21.51515151515152,0.1003682612025005,0.0793943810417967,0.0114085297679542,0.0491246412332391,0.1402390024427771,0.0990515657407989,0.0863170878160746,0.0957433200563524,0.1609303168464194,0.0391321653053649,10_sp_aij_15,416304,0.1,10,1418,4,40,even
69,22.12121212121212,0.1045511354745531,0.0924712552050238,0.0126776677839493,0.0501512641571932,0.1164149780179651,0.1001664165352653,0.1163124045151049,0.0872708011904645,0.2134458914334644,0.0421776041147767,10_sp_aij_15,416304,0.1,10,1418,4,40,even
70,23.03030303030303,0.1302985512717601,0.0958285841578273,0.0140848958907064,0.0481749441964908,0.1126166390556011,0.1247071553255506,0.1448854481899202,0.085925350431589,0.1741754402598825,0.0401598660587413,10_sp_aij_15,416304,0.1,10,1418,4,40,even
71,23.63636363636364,0.1453834525639058,0.0891093512061054,0.0184263196021683,0.0689661199497406,0.1370711608255516,0.1048039044392361,0.1112638344428071,0.0788629447330997,0.1508688619860239,0.0370180746848619,10_sp_aij_15,416304,0.1,10,1418,4,40,even
72,24.545454545454547,0.1529383002640254,0.0803616969077988,0.0227927568456477,0.0702594911411597,0.1006802380500916,0.1046544261980662,0.1832968763686137,0.0904305797677868,0.1782551649916151,0.0343428311855371,10_sp_aij_15,416304,0.1,10,1418,4,40,even
73,25.151515151515152,0.1629089799267974,0.0914202933764043,0.0215116186010285,0.0880579181516952,0.1017857326826845,0.1041337209190282,0.2122507917546085,0.0967935741376715,0.1670673954725135,0.0388364074260624,10_sp_aij_15,416304,0.1,10,1418,4,40,even
74,26.060606060606062,0.1613480587647513,0.0864577465045994,0.017968553353083,0.1127834693909776,0.1104720758079076,0.1073658545161507,0.2096070655247831,0.0784903435706585,0.1714041350606032,0.0404505316356177,10_sp_aij_15,416304,0.1,10,1418,4,40,even
75,26.666666666666668,0.1763680676601201,0.0825967946769455,0.0176853480194005,0.1045143519576472,0.0910428611529672,0.1094770314967835,0.1971818666889436,0.073637693288012,0.1674840754769289,0.0494320982871234,10_sp_aij_15,416304,0.1,10,1418,4,40,even
76,27.575757575757574,0.1452630705118849,0.0905995176817502,0.0209051783480299,0.1234103773286142,0.1002124393635206,0.1367846538963941,0.226687824912656,0.1052994629041568,0.1527391809263706,0.0445484162545964,10_sp_aij_15,416304,0.1,10,1418,4,40,even
77,28.181818181818183,0.1391599556484106,0.1004294070885655,0.0226732729771661,0.1301728914997324,0.0839616446423631,0.1480151696616677,0.2073160198599065,0.1011212188215553,0.1955470868465593,0.0389725016584034,10_sp_aij_15,416304,0.1,10,1418,4,40,even
78,29.090909090909093,0.1488743855135144,0.1231609923373722,0.0262657115836944,0.1269193299994194,0.0872769273250052,0.1700338921080762,0.1811207766228238,0.1058940902942554,0.2001954928269467,0.0387413001838206,10_sp_aij_15,416304,0.1,10,1418,4,40,even
79,30.0,0.1239560148302423,0.1358922041480144,0.0323741258292296,0.1096008840867564,0.101552540286986,0.1205476081051037,0.1341454960416835,0.1177058354739687,0.2074478287786743,0.0501201846470542,10_sp_aij_15,416304,0.1,10,1418,4,40,even
80,0.0,0.02,0.02,0.02,0.02,0.04,0.09,0.05,0.04,0.02,0.04,10_sp_aij_15,2369231,0.1,10,1418,4,40,even
81,0.6060606060606061,0.030332645974297,0.0194782549325758,0.0231068577598288,0.0278571551005058,0.0459101368405497,0.0984982734877032,0.0584349974142265,0.0388753679806566,0.0227335147291247,0.0382725229021878,10_sp_aij_15,2369231,0.1,10,1418,4,40,even
82,1.5151515151515151,0.0453748007195645,0.0181780108684698,0.0162916143242568,0.0325538850867356,0.0416979674245876,0.1147366593372051,0.0694442463210094,0.0518979257539248,0.0442405816269724,0.0337096706365566,10_sp_aij_15,2369231,0.1,10,1418,4,40,even
83,2.121212121212121,0.0766638187633175,0.0156091097992346,0.0182483550850026,0.0354787180545414,0.0377797348709216,0.1344778993000069,0.088827103289374,0.0588277830282358,0.0567470283837003,0.0323693341715961,10_sp_aij_15,2369231,0.1,10,1418,4,40,even
84,3.0303030303030303,0.1103017347773005,0.016877446461455,0.0231517272083988,0.035127857027036,0.0406468992530852,0.155640180936697,0.1126084819221028,0.0833770889733579,0.075514215175438,0.0306317683900876,10_sp_aij_15,2369231,0.1,10,1418,4,40,even
85,3.6363636363636367,0.1529661433649341,0.0178798184079832,0.0215966541451549,0.0447307268283114,0.04552309812323,0.1603146569559408,0.1125336056966287,0.1068718262377097,0.0999269458138363,0.0368589502066655,10_sp_aij_15,2369231,0.1,10,1418,4,40,even
86,4.545454545454546,0.1473196997353072,0.0294759139677938,0.024576356196479,0.0572585235074735,0.0460923948717972,0.1549224023905008,0.109980319569538,0.1566530959850023,0.1001776695490201,0.0323398892434711,10_sp_aij_15,2369231,0.1,10,1418,4,40,even
87,5.151515151515151,0.1822338855325085,0.0383684621098196,0.025934146669284,0.0874715537283022,0.0419318848929902,0.1679853452702557,0.1171643748226216,0.1585510869716183,0.1065153495822469,0.0280495881052152,10_sp_aij_15,2369231,0.1,10,1418,4,40,even
88,6.0606060606060606,0.1336171713093936,0.0578330584741026,0.0274302646950912,0.0953695412055482,0.0531436700178598,0.1276333304689387,0.1192715540386139,0.1365647793929505,0.0999665923656779,0.0245692318619918,10_sp_aij_15,2369231,0.1,10,1418,4,40,even
89,6.666666666666667,0.14834481443983,0.0768522179041931,0.0224079716713773,0.1042487443807387,0.0458991756399442,0.1506312697061844,0.1173677044815964,0.187214912493866,0.1101883334091453,0.0247570568590842,10_sp_aij_15,2369231,0.1,10,1418,4,40,even
90,7.575757575757576,0.1222183753850681,0.1221903790666783,0.0197412225988995,0.1042801363084981,0.0647144033016659,0.1569382684016866,0.11232535496171,0.2129908258644479,0.1410760255485507,0.0229428132514136,10_sp_aij_15,2369231,0.1,10,1418,4,40,even
91,8.181818181818182,0.163284568528687,0.121420410123851,0.0193798301119448,0.1190232823432413,0.0801773369309861,0.179734762750279,0.1129963634647279,0.2272142786128377,0.1229411668869497,0.0179079469644714,10_sp_aij_15,2369231,0.1,10,1418,4,40,even
92,9.090909090909092,0.1432795687389462,0.1671918129097139,0.0168869450211917,0.1462627414645145,0.0795780012420034,0.1940385647979704,0.1425230096610787,0.2231220629026082,0.1629259576576641,0.0178424215418659,10_sp_aij_15,2369231,0.1,10,1418,4,40,even
93,10.0,0.0972099315170313,0.1485805323626428,0.0106605311072057,0.1319889194759466,0.0805411757035478,0.2429772282277457,0.1451967656024703,0.1551471333445409,0.172269862886241,0.0150967657306813,10_sp_aij_15,2369231,0.1,10,1418,4,40,even
94,10.606060606060606,0.0911424896284373,0.1095524585219024,0.0121661480750512,0.1211216121511249,0.0626361063338974,0.2227532656423912,0.164018186664477,0.1488909306871544,0.183017254605766,0.0190631008746821,10_sp_aij_15,2369231,0.1,10,1418,4,40,even
95,11.515151515151516,0.0936555074341459,0.156314537985523,0.0119243533942385,0.17730326554764,0.061247933742934,0.2334689060510061,0.2006415952050217,0.1420257138162809,0.2076953141059204,0.029040280022661,10_sp_aij_15,2369231,0.1,10,1418,4,40,even
96,12.12121212121212,0.1008718502168694,0.144612898829149,0.011898987986102,0.1698657750234898,0.0578883852255575,0.2264020763520975,0.2125589757288252,0.1087891971755466,0.1886878922087273,0.0308749701230674,10_sp_aij_15,2369231,0.1,10,1418,4,40,even
97,13.030303030303031,0.1279848970959854,0.1255659302934907,0.0108887186738286,0.1259059708058334,0.039504975988115,0.2054230152788429,0.1727641213795803,0.1335438230773329,0.1860712986069956,0.0304681215677618,10_sp_aij_15,2369231,0.1,10,1418,4,40,even
98,13.636363636363637,0.1127279500566982,0.1174446827836767,0.0108794267478684,0.1473550596540545,0.0454621320188126,0.1866181523582655,0.2063490264529207,0.1137676202101993,0.1845971371453726,0.0405616041674658,10_sp_aij_15,2369231,0.1,10,1418,4,40,even
99,14.545454545454549,0.1106304829127005,0.1317313019899673,0.0129289079012222,0.1257463092147863,0.0593392309054442,0.2299343736939069,0.2095299603872279,0.1305284358095386,0.1970237820907847,0.0585461326913289,10_sp_aij_15,2369231,0.1,10,1418,4,40,even
100,15.151515151515152,0.1359863934331621,0.0939431848540238,0.0143389847297927,0.1401738316209279,0.0574579640926518,0.212268630281213,0.2470595455121342,0.1485856969378407,0.2065514204718076,0.0599130060977372,10_sp_aij_15,2369231,0.1,10,1418,4,40,even
101,16.060606060606062,0.1172630989621349,0.096173737621541,0.0140018447426897,0.1138391313181305,0.0445908225194233,0.2215597580688834,0.2171995453549713,0.168724428753721,0.2218385149735604,0.0528200560822241,10_sp_aij_15,2369231,0.1,10,1418,4,40,even
102,16.666666666666668,0.0923308904079586,0.0894071546658946,0.0136250963090915,0.0959422150570935,0.0478740932997113,0.2088003202436172,0.1821192487234554,0.1522552582477049,0.1768126859054533,0.0569015276351864,10_sp_aij_15,2369231,0.1,10,1418,4,40,even
103,17.575757575757578,0.0795886880299062,0.0672574458236304,0.0118128956202234,0.1142722479520735,0.0621273855452582,0.2050161088940331,0.2152881587787407,0.1396870789690596,0.1844169864124977,0.0518043417608886,10_sp_aij_15,2369231,0.1,10,1418,4,40,even
104,18.181818181818183,0.0933474970116371,0.0814606250926874,0.0093068188655982,0.0975480873205149,0.0529848502527036,0.177672478104458,0.2001671274901603,0.1280188776376405,0.1331711518703173,0.0545566172282361,10_sp_aij_15,2369231,0.1,10,1418,4,40,even
105,19.09090909090909,0.1237780673592791,0.1152283546428023,0.012879287458548,0.117900271960863,0.0539721962559337,0.2262932887097151,0.1985577993616918,0.0974783705912278,0.1265371702988018,0.0715870252889351,10_sp_aij_15,2369231,0.1,10,1418,4,40,even
106,20.0,0.1563102045916051,0.0991789374247213,0.0102735928587452,0.0975706197010559,0.0636647012347792,0.1980860661789964,0.1750974246808982,0.113361774217814,0.155669286148439,0.069204793841198,10_sp_aij_15,2369231,0.1,10,1418,4,40,even
107,20.60606060606061,0.1575623742557935,0.1331182751561623,0.0104572771965311,0.0902717558028825,0.0771405353111128,0.1978672044200224,0.2268085061978718,0.1094126390067873,0.1743468912386783,0.0697558265874855,10_sp_aij_15,2369231,0.1,10,1418,4,40,even
108,21.51515151515152,0.122795579283508,0.1121143330614276,0.0137557164738814,0.0801782087581909,0.0678265807983276,0.1772973683997623,0.1969920699481125,0.1237888868929228,0.1626614507013422,0.0589260200896863,10_sp_aij_15,2369231,0.1,10,1418,4,40,even
109,22.12121212121212,0.1056842551909378,0.13429761547469,0.0144926977777883,0.1244730277918334,0.0779806820572679,0.1730640525210316,0.2060358948894472,0.1264613380059953,0.1567123755881795,0.0545210430855683,10_sp_aij_15,2369231,0.1,10,1418,4,40,even
110,23.03030303030303,0.1049640518666558,0.1545719636414372,0.012399322452509,0.1494070311878122,0.1132920834461838,0.1780801468720699,0.189505895492146,0.1235292858433289,0.2241584013129102,0.045846759520589,10_sp_aij_15,2369231,0.1,10,1418,4,40,even
111,23.63636363636364,0.1155038943892617,0.1569370403161312,0.0157325601556047,0.1315351487027493,0.123635447561266,0.169880423823713,0.1929816256248241,0.1065400307376048,0.2541438349289917,0.0455500609024199,10_sp_aij_15,2369231,0.1,10,1418,4,40,even
112,24.545454545454547,0.112475345335917,0.1179313724162026,0.0122066403475037,0.095830532340297,0.1303688959948346,0.1837584073693301,0.2106081947202666,0.0974018928469905,0.2405806062757541,0.065631689551105,10_sp_aij_15,2369231,0.1,10,1418,4,40,even
113,25.151515151515152,0.0949268916020355,0.1070924178552412,0.0095216415501736,0.1045792066409283,0.1338961583317796,0.1614896581162888,0.1712805354202583,0.1017430762547582,0.1824629058546416,0.0683307615993205,10_sp_aij_15,2369231,0.1,10,1418,4,40,even
114,26.060606060606062,0.0758680950949721,0.0888960805039566,0.0106463042983662,0.0737009571952428,0.1138512477239724,0.1263271284922225,0.1700919200466148,0.1002417002420957,0.2116354264404739,0.0666677306114443,10_sp_aij_15,2369231,0.1,10,1418,4,40,even
115,26.666666666666668,0.1042885189646993,0.0754101898827012,0.0142142258788563,0.0593242487101004,0.1053818427371501,0.1281405245091273,0.210797704495507,0.0925037268247788,0.1974318611300616,0.0869909681480178,10_sp_aij_15,2369231,0.1,10,1418,4,40,even
116,27.575757575757574,0.0923757479094357,0.0753841887139342,0.0150577547025649,0.0556463519493763,0.1061553660871889,0.0962219046511823,0.2130883464790479,0.0870519568731227,0.1951859039693111,0.0980471623544321,10_sp_aij_15,2369231,0.1,10,1418,4,40,even
117,28.181818181818183,0.1233694600853207,0.060859094401493,0.0171607132628816,0.0517149259698998,0.1000545070936633,0.094587028680717,0.1893840767164286,0.091538144609005,0.1389756475684063,0.0734087202330029,10_sp_aij_15,2369231,0.1,10,1418,4,40,even
118,29.090909090909093,0.1379362703988529,0.0850171352007913,0.0170368694317332,0.0614628753252469,0.1153122180129633,0.0913946230644512,0.1369765504811845,0.0721503012177098,0.1198645110230415,0.0611623953683048,10_sp_aij_15,2369231,0.1,10,1418,4,40,even
119,30.0,0.1730332485446317,0.050565732349088,0.0131120759704518,0.0656169701968037,0.1135545121253017,0.0895577626078665,0.1378987682778194,0.0822665771230636,0.1260407862163697,0.087651083347984,10_sp_aij_15,2369231,0.1,10,1418,4,40,even
120,0.0,0.03,0.04,0.07,0.08,0.06,0.09,0.06,0.05,0.01,0.03,10_sp_aij_15,10488077,0.1,10,1418,4,40,even
121,0.6060606060606061,0.0350080744078436,0.0562334423702949,0.0648950875968711,0.0971337799559731,0.0483442198967828,0.0948163639832082,0.0624103455436464,0.0664280009293752,0.0106225708249264,0.0448334715038276,10_sp_aij_15,10488077,0.1,10,1418,4,40,even
122,1.5151515151515151,0.0577639393467286,0.077134651815616,0.0430965675337906,0.1056748875658537,0.048816804683913,0.112496173815417,0.0692058085419491,0.0983912043891266,0.0145785832460381,0.0371366932306088,10_sp_aij_15,10488077,0.1,10,1418,4,40,even
123,2.121212121212121,0.0692306235480235,0.0814054087284264,0.033403575990505,0.0916923818065682,0.0468063531997208,0.1473843529115019,0.091956545013291,0.1128472920647868,0.0201092918111015,0.0506662751746584,10_sp_aij_15,10488077,0.1,10,1418,4,40,even
124,3.0303030303030303,0.0844004148076042,0.1258385107109128,0.0288478325029703,0.1342467290905474,0.0439931963052608,0.2226989474764754,0.125684774307294,0.1324628509852148,0.0345898867930809,0.053296781123278,10_sp_aij_15,10488077,0.1,10,1418,4,40,even
125,3.6363636363636367,0.1120567672820289,0.130539358973671,0.0274408148300969,0.1912837147238505,0.0437250587664218,0.2659597414361077,0.1550878153081037,0.1290121682892488,0.0404482211495427,0.0594704934836317,10_sp_aij_15,10488077,0.1,10,1418,4,40,even
126,4.545454545454546,0.1026040134796609,0.1405206427983542,0.0255857779708661,0.2327978473551739,0.045458780656743,0.2869058968511697,0.2165736700184742,0.176599979980692,0.0762658183317818,0.0685764646360789,10_sp_aij_15,10488077,0.1,10,1418,4,40,even
127,5.151515151515151,0.1196564433767921,0.1563988203045399,0.0233538983278398,0.2151488355310223,0.0486488569912392,0.3062444684057046,0.1925083260500024,0.2310304660859829,0.1209460101308056,0.0705152700372142,10_sp_aij_15,10488077,0.1,10,1418,4,40,even
128,6.0606060606060606,0.1060166681064723,0.1335861733139761,0.0220654943690763,0.1822846007936328,0.0397261499771091,0.3803888173494435,0.2449950093513,0.2553524469415595,0.1394281652079726,0.0650789131897434,10_sp_aij_15,10488077,0.1,10,1418,4,40,even
129,6.666666666666667,0.099784314745002,0.13222989625687,0.0176998240174479,0.1670954788923511,0.0310221070853008,0.360421626148509,0.2012820728544828,0.294294797153768,0.1502697220127938,0.0650460946486157,10_sp_aij_15,10488077,0.1,10,1418,4,40,even
130,7.575757575757576,0.0881384863548832,0.159757923067618,0.0185097318623791,0.1257777222117971,0.0287711081143216,0.2701218432721837,0.220941407036407,0.2547143951493956,0.1803511729331383,0.0533343368471037,10_sp_aij_15,10488077,0.1,10,1418,4,40,even
131,8.181818181818182,0.0830678871585661,0.1272967941279839,0.016797256093259,0.1161349931241802,0.0243237989912272,0.2719088343808318,0.2670411838896598,0.1918734768502843,0.261817960241879,0.0575728795619812,10_sp_aij_15,10488077,0.1,10,1418,4,40,even
132,9.090909090909092,0.0980217808158685,0.1667595124830652,0.0152689435240843,0.1375124654058618,0.0263655999788765,0.2773067096869075,0.2066919441996534,0.1587267058952569,0.1960375931485558,0.0546418265253893,10_sp_aij_15,10488077,0.1,10,1418,4,40,even
133,10.0,0.1352006890777777,0.1834440133979313,0.0138949867353175,0.1699652190508947,0.0363127481567397,0.2315082667605969,0.1907363276062948,0.1656068419546476,0.1824528134843396,0.0507144370179606,10_sp_aij_15,10488077,0.1,10,1418,4,40,even
134,10.606060606060606,0.1264792307937934,0.1762935933393746,0.0115888534369464,0.1570797867444166,0.033851033525979,0.1935972254234118,0.1799725217536988,0.1743842983237146,0.1857737532696854,0.0414345493617852,10_sp_aij_15,10488077,0.1,10,1418,4,40,even
135,11.515151515151516,0.1133962663097496,0.1979646588280489,0.0102076599445944,0.1987602557317227,0.0461599369139359,0.2563315206221169,0.1892527317874814,0.178448386129485,0.1440571326854006,0.055264589516841,10_sp_aij_15,10488077,0.1,10,1418,4,40,even
136,12.12121212121212,0.1026807389914578,0.2272141371879958,0.0089851398141416,0.1849995800255658,0.0503159510006079,0.2777857995285686,0.1969354570511154,0.1568698955394342,0.1845464623021453,0.0596156809361835,10_sp_aij_15,10488077,0.1,10,1418,4,40,even
137,13.030303030303031,0.0921642139652529,0.2204347072694515,0.0088194149965105,0.1523546588167151,0.0707044393794683,0.2406850928946962,0.2244748561118331,0.2209406285545296,0.259722416100173,0.0503888079627375,10_sp_aij_15,10488077,0.1,10,1418,4,40,even
138,13.636363636363637,0.0800913259032906,0.1667546792960703,0.0098495965083443,0.1685086145390066,0.1118782046476514,0.2272118883419986,0.1977917250744626,0.1953248754221183,0.2707904774930323,0.0506416346862722,10_sp_aij_15,10488077,0.1,10,1418,4,40,even
139,14.545454545454549,0.0821278199695051,0.1147494467387251,0.0129083760747869,0.1779930664240306,0.1022857349818371,0.2248328224391007,0.2230253356305526,0.1727406750802307,0.3140625171910545,0.053688422259113,10_sp_aij_15,10488077,0.1,10,1418,4,40,even
140,15.151515151515152,0.0776437689295097,0.1737143124352634,0.0157488485856577,0.1659510395241181,0.0989254493030476,0.2128305839493054,0.1949822752239068,0.1364167814907386,0.2918474883710341,0.0609684597537687,10_sp_aij_15,10488077,0.1,10,1418,4,40,even
141,16.060606060606062,0.1165015683004549,0.2121462421259642,0.0183986005344377,0.1182134222045702,0.1393265272441575,0.1726998459019728,0.2073613447280132,0.1090584796976809,0.2214965801500195,0.0766893657312163,10_sp_aij_15,10488077,0.1,10,1418,4,40,even
142,16.666666666666668,0.0948402075930391,0.1890463022478838,0.0227514277845355,0.1185668123891866,0.1048260655771062,0.1703696891960127,0.2157735507645516,0.095352565632883,0.2329449185365562,0.0898203320426057,10_sp_aij_15,10488077,0.1,10,1418,4,40,even
143,17.575757575757578,0.1022943372601258,0.1269519636303195,0.0192280309785503,0.1305393477036199,0.1291774149901502,0.1332206360074986,0.2072100453237956,0.0994825070169204,0.2310131853476207,0.0781897772605709,10_sp_aij_15,10488077,0.1,10,1418,4,40,even
144,18.181818181818183,0.1211428710958592,0.1221773933486813,0.0181132086242291,0.0993254080206784,0.1152467533686045,0.1040299817274064,0.1950868419624353,0.1285266731786354,0.2327415291741025,0.0808578950218596,10_sp_aij_15,10488077,0.1,10,1418,4,40,even
145,19.09090909090909,0.1034036150639093,0.1094013004488518,0.0173781180396254,0.0955393128440576,0.1392284689615671,0.1050012134378349,0.1987546522945574,0.1029274269648982,0.2053745155316836,0.0610375389015937,10_sp_aij_15,10488077,0.1,10,1418,4,40,even
146,20.0,0.1049434216004925,0.0963661968160772,0.0136512365711611,0.0957022013428166,0.1205074997677203,0.101454381866004,0.1966110470031038,0.0748051826807709,0.1935258521820055,0.0508035785351263,10_sp_aij_15,10488077,0.1,10,1418,4,40,even
147,20.60606060606061,0.0890462953039494,0.0956251453632075,0.014721880916199,0.0808489459434686,0.1197308261729667,0.1171260563117071,0.230178537360962,0.0641645176419738,0.1937412864758133,0.0486948381260989,10_sp_aij_15,10488077,0.1,10,1418,4,40,even
148,21.51515151515152,0.1102570461336451,0.0879751388765721,0.012745614917797,0.0759696278730513,0.1017117665347841,0.1428833852041134,0.222448011153834,0.062041805837874,0.2438998557266982,0.0567322138679524,10_sp_aij_15,10488077,0.1,10,1418,4,40,even
149,22.12121212121212,0.1336683346432921,0.0928954716403818,0.0135804841547429,0.0772747387348073,0.0957859884313194,0.1436203663524665,0.2162652275323503,0.067441896942682,0.2230241430123082,0.0549275497069844,10_sp_aij_15,10488077,0.1,10,1418,4,40,even
150,23.03030303030303,0.1390172762737062,0.1057848727173421,0.0128459361947933,0.0720948698975618,0.0859589968682477,0.1419737506200063,0.1735938174422542,0.087533941746021,0.2179351865095485,0.0490408555269689,10_sp_aij_15,10488077,0.1,10,1418,4,40,even
151,23.63636363636364,0.1505185280803808,0.1112977870617291,0.0114277628877437,0.0690263085693886,0.0785276939682247,0.1690917633685513,0.1893438074524974,0.0915436482343237,0.2367552982178707,0.0530779946741796,10_sp_aij_15,10488077,0.1,10,1418,4,40,even
152,24.545454545454547,0.1284657277669837,0.0875158069576775,0.0116703368440539,0.1020988399713375,0.0744499887000153,0.1657592908511274,0.2180212082219358,0.0676238076972377,0.2014504522371984,0.0494582307963027,10_sp_aij_15,10488077,0.1,10,1418,4,40,even
153,25.151515151515152,0.1205810586144591,0.0977929425069583,0.0136668992885725,0.0785056060977607,0.0867667356340529,0.1400809301352614,0.1998930815649105,0.0602753020265073,0.2239729374673773,0.054112884348035,10_sp_aij_15,10488077,0.1,10,1418,4,40,even
154,26.060606060606062,0.130041843974428,0.0942268264816135,0.0144735549542714,0.0880870992993858,0.0739288827231682,0.1360466418721639,0.2102705981667883,0.0746895430511213,0.1813124743639289,0.0589890646900721,10_sp_aij_15,10488077,0.1,10,1418,4,40,even
155,26.666666666666668,0.1151467279553569,0.0762422089091441,0.013573604719893,0.0876158626791627,0.0964584815904542,0.1309687809047929,0.1821306466869396,0.0753075454637896,0.1621693155071238,0.0559375672545411,10_sp_aij_15,10488077,0.1,10,1418,4,40,even
156,27.575757575757574,0.1119626878896053,0.0815188826119916,0.0165989127614948,0.0962678740266892,0.0979038121843749,0.1267746538724128,0.158612285387702,0.1106655764768339,0.1614206228765201,0.0461743939625485,10_sp_aij_15,10488077,0.1,10,1418,4,40,even
157,28.181818181818183,0.1147731757464838,0.0785475761554976,0.0151819780532529,0.090887670600236,0.0894072164675199,0.1360924680438071,0.1567229203282424,0.1041966927753894,0.1814442258941258,0.0532913365010494,10_sp_aij_15,10488077,0.1,10,1418,4,40,even
158,29.090909090909093,0.1233815556488893,0.0747512973185103,0.0164914328842214,0.0892149552018284,0.091096880668176,0.1125882963444649,0.1424043541811606,0.1362510231912078,0.2110851089182621,0.0546886340980859,10_sp_aij_15,10488077,0.1,10,1418,4,40,even
159,30.0,0.1229860354156287,0.0749568207437426,0.0152707964515389,0.0867599929546184,0.1026991433716107,0.1503479266160249,0.1587517105418112,0.1507245446242461,0.1663316036469152,0.0558095492700894,10_sp_aij_15,10488077,0.1,10,1418,4,40,even
